cycle_id,num_testsuite,NORMALIZED_RPA,total_failures_in_cycle,exec_time,optimal_failures_25%,failures_in_25%_ordered,optimal_exec_time_25%,exec_time_25%,optimal_failures_50%,failures_in_50%_ordered,optimal_exec_time_50%,exec_time_50%,optimal_failures_75%,failures_in_75%_ordered,optimal_exec_time_75%,exec_time_75%
119fd967ba85924a5fe0d93e2f9fad3fe068c6fa,17.0,0.7098039215686274,0.0,0.30100000000000005,0.0,0.0,0.0,0.102,0.0,0.0,0.009000000000000001,0.195,0.0,0.0,0.049,0.21
a76f2e9fa14185dae1e96ae2561e3ff07c966e11,17.0,0.8061624649859944,0.0,0.332,0.0,0.0,0.003,0.14700000000000002,0.0,0.0,0.016,0.161,0.0,0.0,0.07,0.185
e613360fa4f0cd3bdfdece02d2bc1b58be640cac,25.0,0.6584615384615384,0.0,0.417,0.0,0.0,0.0,0.134,0.0,0.0,0.004,0.31100000000000005,0.0,0.0,0.045,0.318
e936b1b664500166bef0403011c5924c7bd7d086,20.0,0.7167247386759581,0.0,0.362,0.0,0.0,0.0,0.122,0.0,0.0,0.012,0.256,0.0,0.0,0.07999999999999999,0.28
2e20bc1bf30e1e6efbeeae67805d9d450d2f1d5b,21.0,0.6783449109030505,0.0,0.3780000000000001,0.0,0.0,0.0,0.124,0.0,0.0,0.008,0.28200000000000003,0.0,0.0,0.055000000000000014,0.29300000000000004
288b76eaf6c31bce34dd8afe180623051b91e338,21.0,0.6360616128057991,0.0,0.337,0.0,0.0,0.001,0.15300000000000002,0.0,0.0,0.008,0.3160000000000001,0.0,0.0,0.043,0.3300000000000001
8c673ddc1357f00009e38cb800c1c6ebb6ee4beb,20.0,0.7916376306620209,0.0,0.4330000000000001,0.0,0.0,0.003,0.15700000000000006,0.0,0.0,0.018000000000000002,0.17200000000000004,0.0,0.0,0.107,0.24200000000000005
af61d0720599519828209b3b5f8ef06f61fe7768,22.0,0.6916996047430831,0.0,0.389,0.0,0.0,0.0,0.065,0.0,0.0,0.006,0.26899999999999996,0.0,0.0,0.045,0.276
0993f66ce330ccfbd84a65005ed1b2f1ae167d81,18.0,0.6998577524893316,0.0,0.374,0.0,0.0,0.001,0.135,0.0,0.0,0.019000000000000003,0.263,0.0,0.0,0.07300000000000001,0.27699999999999997
da9547ebcd83525723fca18997a5a7e058c9796f,22.0,0.6922266139657444,0.0,0.406,0.0,0.0,0.0,0.14600000000000002,0.0,0.0,0.008,0.2700000000000001,0.0,0.0,0.045000000000000005,0.28
fee4762322f85a1109edd75ccb67f38cf5008c80,17.0,0.7882352941176469,0.0,0.29400000000000004,0.0,0.0,0.002,0.113,0.0,0.0,0.011,0.12700000000000006,0.0,0.0,0.057999999999999996,0.15900000000000006
4424fe8589b60f2c7ed0a6ddb3958198e779c803,18.0,0.7055476529160741,0.0,0.256,0.0,0.0,0.001,0.128,0.0,0.0,0.011000000000000001,0.218,0.0,0.0,0.055,0.24600000000000002
990285bdbb080038fef44cd2306526b4cba520d5,19.0,0.6999999999999998,0.0,0.30400000000000005,0.0,0.0,0.0,0.115,0.0,0.0,0.006,0.204,0.0,0.0,0.051,0.22500000000000006
b9c174056fa44d575e23b5759d13610eae685beb,18.0,0.7477477477477478,0.0,0.102,0.0,0.0,0.0,0.009000000000000001,0.0,0.0,0.002,0.051,0.0,0.0,0.012,0.057000000000000016
e47d90818b1918b436d252212e90a03ddf503b59,20.0,0.7243902439024389,0.0,0.408,0.0,0.0,0.001,0.152,0.0,0.0,0.008,0.264,0.0,0.0,0.065,0.285
7d7a298864223fd4ecea3acaa42257d24ddec1e8,20.0,0.7052264808362371,0.0,0.332,0.0,0.0,0.001,0.133,0.0,0.0,0.011,0.23300000000000004,0.0,0.0,0.07200000000000001,0.24700000000000005
4ae8917dac1019fc08b091c13b66d846311ebdc4,17.0,0.7126050420168066,0.0,0.29100000000000004,0.0,0.0,0.0,0.109,0.0,0.0,0.01,0.196,0.0,0.0,0.053000000000000005,0.21800000000000005
c1924becd50885dfaf9bce062f86e04b10c688eb,20.0,0.7289198606271777,0.0,0.348,0.0,0.0,0.0,0.06100000000000001,0.0,0.0,0.0,0.193,0.0,0.0,0.02,0.19399999999999998
8b57279f59cfe8ffe66840b9961c5f3659f4e997,22.0,0.6748353096179185,0.0,0.35200000000000004,0.0,0.0,0.0,0.15500000000000005,0.0,0.0,0.008,0.3270000000000001,0.0,0.0,0.048,0.343
9271f805a0caa9ae67a5fed450d3d26a638408af,22.0,0.6050065876152833,1.0,0.309,1.0,0.0,0.032,0.133,1.0,0.0,0.035,0.272,1.0,1.0,0.06200000000000001,0.306
174dca2cb3e2c860fc947a963ea29b2758c0ba76,22.0,0.6787878787878787,0.0,0.32299999999999995,0.0,0.0,0.0,0.15700000000000006,0.0,0.0,0.009000000000000001,0.234,0.0,0.0,0.049,0.245
75e9330eceaf0e901f7a4402d4f0decbb1c2f4a8,22.0,0.6903820816864296,0.0,0.34500000000000003,0.0,0.0,0.0,0.177,0.0,0.0,0.012,0.28600000000000003,0.0,0.0,0.064,0.33
eb7e65e9a19e68b550e7fd0eb73c5cfea2622ff3,22.0,0.6843214756258235,0.0,0.325,0.0,0.0,0.0,0.13,0.0,0.0,0.006999999999999999,0.23700000000000004,0.0,0.0,0.048,0.245
85c835652321262a86d9d32eb20f87c231954bda,22.0,0.6843214756258235,0.0,0.335,0.0,0.0,0.0,0.13,0.0,0.0,0.005,0.239,0.0,0.0,0.039000000000000014,0.247
567b90e4abb72144a15fb5eeef74d170ef425cf9,18.0,0.7321005215742059,0.0,0.251,0.0,0.0,0.0,0.01,0.0,0.0,0.005,0.152,0.0,0.0,0.022,0.158
659f983253f53c99175fd5b437791f20fec21ce4,17.0,0.7882352941176469,0.0,0.273,0.0,0.0,0.0,0.106,0.0,0.0,0.009000000000000001,0.12,0.0,0.0,0.05,0.14800000000000002
eacba9ae3d8b48e25380ad6125da40a2820e93d6,20.0,0.7083623693379789,0.0,0.401,0.0,0.0,0.002,0.139,0.0,0.0,0.018000000000000002,0.29700000000000004,0.0,0.0,0.085,0.3180000000000001
ee613b20b926b31f532cda4fb3ee115db950e9a1,18.0,0.7292555713608345,0.0,0.34,0.0,0.0,0.0,0.14400000000000002,0.0,0.0,0.01,0.16200000000000006,0.0,0.0,0.067,0.19700000000000004
32fc662b79efa351bf55118d9540522159df1c6e,21.0,0.6783449109030506,0.0,0.3150000000000001,0.0,0.0,0.0,0.129,0.0,0.0,0.002,0.226,0.0,0.0,0.042,0.23800000000000002
1153eeef1740592b7fca1ec50766aa6d4a72e438,17.0,0.7243697478991599,0.0,0.28200000000000003,0.0,0.0,0.0,0.104,0.0,0.0,0.01,0.157,0.0,0.0,0.055,0.208
05faab380c9b3322f24fcba833173a358765f89f,17.0,0.6565826330532214,0.0,0.355,0.0,0.0,0.0,0.139,0.0,0.0,0.011000000000000001,0.29400000000000004,0.0,0.0,0.064,0.3450000000000001
842977c381b8d48bf12719e3f5cf6fd669379957,23.0,0.6778445883441259,0.0,0.28600000000000003,0.0,0.0,0.0,0.12300000000000001,0.0,0.0,0.001,0.213,0.0,0.0,0.04,0.21800000000000005
2f7079a0771fdbee94230e0297f3e6af66916716,17.0,0.6946778711484594,0.0,0.3680000000000001,0.0,0.0,0.003,0.15200000000000002,0.0,0.0,0.019,0.24700000000000005,0.0,0.0,0.077,0.276
f5227640d4365e2d4c18bd032b9656148bff8eb3,8.0,0.9607843137254902,0.0,0.201,0.0,0.0,0.0,0.025,0.0,0.0,0.025,0.025,0.0,0.0,0.06100000000000001,0.06100000000000001
6941818600646156b47d59b2561ec423c832d647,14.0,0.8246305418719212,0.0,0.21500000000000005,0.0,0.0,0.001,0.106,0.0,0.0,0.019,0.12600000000000006,0.0,0.0,0.053000000000000005,0.13600000000000004
2588abdd5f81d4de2c1300ad24e9c401f9a9fc92,8.0,0.9607843137254902,0.0,0.19699999999999998,0.0,0.0,0.002,0.019000000000000003,0.0,0.0,0.021,0.021000000000000005,0.0,0.0,0.066,0.066
98e87c6ae88fc31782f7cb542d4637df1af19f89,17.0,0.7187675070028011,0.0,0.3420000000000001,0.0,0.0,0.002,0.15900000000000006,0.0,0.0,0.016,0.18000000000000002,0.0,0.0,0.061,0.20500000000000004
37ab504f88dbe95358898bbdaba626cd937a7ea1,18.0,0.7145566619250829,0.0,0.245,0.0,0.0,0.0,0.024,0.0,0.0,0.008,0.147,0.0,0.0,0.040999999999999995,0.159
bcdd5bb2265b3702ae287a75abc45a603cd2f1ef,23.0,0.6722941720629046,0.0,0.22500000000000006,0.0,0.0,0.0,0.012,0.0,0.0,0.001,0.134,0.0,0.0,0.01,0.136
a9fb01bd2b46dffbb1da3d93b0f8c566e25bc36e,22.0,0.7378129117259553,0.0,0.302,0.0,0.0,0.0,0.06100000000000001,0.0,0.0,0.003,0.17,0.0,0.0,0.064,0.192
13b55d7e81414d2a96de3bdc8dd95829fd7dad92,20.0,0.7369337979094075,0.0,0.196,0.0,0.0,0.0,0.012,0.0,0.0,0.0,0.095,0.0,0.0,0.01,0.09600000000000003
a2e331f03f2d439caa54c3014f8d5fb2dc206162,17.0,0.7288515406162465,0.0,0.193,0.0,0.0,0.0,0.014000000000000002,0.0,0.0,0.004,0.101,0.0,0.0,0.024,0.11
a7b2b42a50f0536a3c5b3473575d67c2e5907581,18.0,0.7358937885253675,0.0,0.22,0.0,0.0,0.001,0.016,0.0,0.0,0.011000000000000001,0.12,0.0,0.0,0.04,0.134
b8c259cfaf668e4237de09a0327b82080cfd37ba,18.0,0.7174016121384542,0.0,0.19699999999999998,0.0,0.0,0.0,0.011000000000000001,0.0,0.0,0.005,0.116,0.0,0.0,0.03,0.127
8391b7231a2519557d41209d728acc4f422af381,21.0,0.7073391724554515,0.0,0.215,0.0,0.0,0.0,0.04,0.0,0.0,0.001,0.124,0.0,0.0,0.027999999999999997,0.133
585eb726fdb2165a91146a3c9f8fbbfeb4ad9e7b,17.0,0.7299719887955184,0.0,0.213,0.0,0.0,0.0,0.016,0.0,0.0,0.004,0.085,0.0,0.0,0.026000000000000002,0.098
3519d82fb3b11bc3a96b3598bfa9ccde9fae4fc9,22.0,0.6766798418972332,0.0,0.28800000000000003,0.0,0.0,0.0,0.051,0.0,0.0,0.003,0.20100000000000004,0.0,0.0,0.043,0.204
1fd3a3cb0ab51861ef671e48f067f143960457f0,19.0,0.7085020242914978,0.0,0.257,0.0,0.0,0.0,0.023,0.0,0.0,0.0,0.16999999999999998,0.0,0.0,0.035,0.17800000000000002
c01fcd338d73dc039e6a3a6cd2c449d9c9d41304,13.0,0.9072039072039072,0.0,0.244,0.0,0.0,0.0,0.028999999999999998,0.0,0.0,0.003,0.04,0.0,0.0,0.039,0.041000000000000016
b14e7357248a0f683b8252be3e68f5e171fb8529,16.0,0.8890374331550802,0.0,0.29700000000000004,0.0,0.0,0.0,0.05900000000000001,0.0,0.0,0.010000000000000002,0.07700000000000001,0.0,0.0,0.096,0.107
495cb3d885125843cb409372a38ac25f13d3b2f6,19.0,0.7368421052631579,0.0,0.26,0.0,0.0,0.0,0.043,0.0,0.0,0.004,0.14800000000000002,0.0,0.0,0.064,0.18
2bef2e7ce9b8089a9e0ae3cf82f7625a5b93ed09,19.0,0.8477732793522267,0.0,0.244,0.0,0.0,0.0,0.055000000000000014,0.0,0.0,0.003,0.06,0.0,0.0,0.033,0.08199999999999999
6d6ee1cc96d6f17f547fd9f39a38966da35ab159,22.0,0.6998682476943348,0.0,0.256,0.0,0.0,0.0,0.057999999999999996,0.0,0.0,0.002,0.17400000000000004,0.0,0.0,0.045,0.17800000000000002
e8809994a35745bcd557e264d22ea283619caf76,22.0,0.7009222661396576,0.0,0.187,0.0,0.0,0.0,0.032,0.0,0.0,0.002,0.11200000000000003,0.0,0.0,0.021,0.11599999999999999
dcc35b709ce6bc4ac48be4ed73a7251fe1613855,22.0,0.7006587615283267,0.0,0.278,0.0,0.0,0.0,0.063,0.0,0.0,0.001,0.19699999999999998,0.0,0.0,0.040000000000000015,0.19899999999999998
e981b5dd049f1291111b24cd56fd409a9fcf82d7,22.0,0.7686429512516469,0.0,0.264,0.0,0.0,0.0,0.052000000000000005,0.0,0.0,0.002,0.15,0.0,0.0,0.028999999999999998,0.182
6e14804768c3553c0670ea08135675d67d51d811,19.0,0.7080971659919026,0.0,0.263,0.0,0.0,0.0,0.053000000000000005,0.0,0.0,0.002,0.156,0.0,0.0,0.066,0.182
b831caaff8953023c91d66c21a9af37b7e5e8b88,22.0,0.6814229249011857,0.0,0.205,0.0,0.0,0.0,0.055,0.0,0.0,0.001,0.12500000000000006,0.0,0.0,0.009000000000000001,0.126
684ae68a631f6bd9b6d962e42e46bf0812d8fa4e,19.0,0.7121457489878541,0.0,0.299,0.0,0.0,0.0,0.054000000000000006,0.0,0.0,0.001,0.179,0.0,0.0,0.049,0.215
616d3c40fe99402c4b1311a2af2819fe1ad52cfb,23.0,0.6820074005550416,0.0,0.259,0.0,0.0,0.0,0.055,0.0,0.0,0.0,0.19,0.0,0.0,0.027000000000000003,0.193
63b778a5b41e75cb46a817fbdcc8e65db740a46c,23.0,0.6998149861239593,0.0,0.266,0.0,0.0,0.0,0.047000000000000014,0.0,0.0,0.0,0.18800000000000006,0.0,0.0,0.028000000000000004,0.192
373ea35b2cb227b56694aa50589c853b68caa03a,22.0,0.7138339920948616,0.0,0.281,0.0,0.0,0.0,0.053000000000000005,0.0,0.0,0.003,0.195,0.0,0.0,0.035,0.208
eafba57cb72af5b8980bc1ed75edf4a08e1cc43f,23.0,0.6894079555966697,0.0,0.422,0.0,0.0,0.0,0.071,0.0,0.0,0.003,0.29800000000000004,0.0,0.0,0.059,0.3120000000000001
11f7c1bd7a2d12f0b1150aa246c61afefd11991f,20.0,0.694773519163763,0.0,0.3760000000000001,0.0,0.0,0.0,0.094,0.0,0.0,0.005,0.28600000000000003,0.0,0.0,0.1,0.29100000000000004
9e97fbf6ada82040f4a49c9aef9a84c983074427,17.0,0.7299719887955184,0.0,0.252,0.0,0.0,0.0,0.04400000000000001,0.0,0.0,0.006999999999999999,0.121,0.0,0.0,0.038,0.14600000000000002
4384e1692572ad8ea554eabd1f110a13191812c3,18.0,0.8634423897581792,0.0,0.28600000000000003,0.0,0.0,0.001,0.037000000000000005,0.0,0.0,0.009000000000000001,0.046,0.0,0.0,0.048,0.078
23982c287bf6efc453a22bcbbf8c955786a74b92,18.0,0.8601232811759127,0.0,0.27699999999999997,0.0,0.0,0.0,0.039,0.0,0.0,0.004,0.045,0.0,0.0,0.039,0.07200000000000001
0986da604daa312d309c66094113a28fc4d936db,17.0,0.7243697478991598,0.0,0.27899999999999997,0.0,0.0,0.0,0.039000000000000014,0.0,0.0,0.006,0.16,0.0,0.0,0.04,0.19899999999999998
e5e184662975e276af582771b9a004f7d56ecfd6,23.0,0.7030527289546715,0.0,0.313,0.0,0.0,0.0,0.040999999999999995,0.0,0.0,0.001,0.23,0.0,0.0,0.027999999999999997,0.23600000000000002
a04b3731c7efe62ccea64df86e4d58cfca3688f6,18.0,0.8715030820293977,0.0,0.42,0.0,0.0,0.0,0.083,0.0,0.0,0.009000000000000001,0.094,0.0,0.0,0.1,0.166
5236f0b3e64b7dcaa144eaeca187eadac3af936a,19.0,0.7344129554655869,0.0,0.28700000000000003,0.0,0.0,0.0,0.033,0.0,0.0,0.004,0.193,0.0,0.0,0.049,0.208
3b4f9dfa91b6f1852c35baf79c4a13eacc6112c3,6.0,1.0,0.0,0.193,0.0,0.0,0.0,0.0,0.0,0.0,0.001,0.001,0.0,0.0,0.002,0.002
3ba88d8c2ab500c07f9e2ddbc07a4bd01fadbd78,18.0,0.7439544807965861,0.0,0.335,0.0,0.0,0.0,0.023,0.0,0.0,0.008,0.20199999999999999,0.0,0.0,0.062,0.247
1e09df66f0302958d547037e7258913b3069f2b6,22.0,0.7383399209486168,0.0,0.35500000000000004,0.0,0.0,0.0,0.04,0.0,0.0,0.005,0.255,0.0,0.0,0.047,0.267
a025d87deb9cc4cda49ae1b77feb0f29805dd7c5,18.0,0.7529634898055952,0.0,0.375,0.0,0.0,0.0,0.057000000000000016,0.0,0.0,0.011000000000000001,0.215,0.0,0.0,0.064,0.29400000000000004
8c43a813f98dcd5362c33aff2378ef1cb12252b3,22.0,0.6835309617918314,0.0,0.30500000000000005,0.0,0.0,0.0,0.038000000000000006,0.0,0.0,0.006999999999999999,0.23000000000000004,0.0,0.0,0.038,0.23600000000000004
73b52d0d995b8c6091c0e92f8ada03a2753b576a,17.0,0.7439775910364147,0.0,0.28300000000000003,0.0,0.0,0.0,0.043,0.0,0.0,0.004,0.14300000000000002,0.0,0.0,0.037000000000000005,0.16000000000000006
65553582d184e18de10e496b0eaa53fbe206ba17,18.0,0.7297297297297298,0.0,0.489,0.0,0.0,0.0,0.037000000000000005,0.0,0.0,0.004,0.29700000000000004,0.0,0.0,0.07400000000000001,0.3320000000000001
93b659b41c51739628c85014d4d3bab70d6bc61f,18.0,0.7330488383119963,0.0,0.29400000000000004,0.0,0.0,0.0,0.04200000000000001,0.0,0.0,0.006999999999999999,0.205,0.0,0.0,0.027999999999999997,0.22000000000000006
15302899d5bd9eb5ca46fcfa897c203b3930cb77,17.0,0.7081232492997198,0.0,0.24,0.0,0.0,0.0,0.04,0.0,0.0,0.004,0.126,0.0,0.0,0.025,0.14300000000000002
8e7dd7073fb3bced0c49c5e65416436359390197,20.0,0.7104529616724738,0.0,0.27,0.0,0.0,0.0,0.035,0.0,0.0,0.005,0.192,0.0,0.0,0.044000000000000004,0.195
551903982def44154dadd88c4dfae71660e80d4f,18.0,0.7183499288762447,0.0,0.29900000000000004,0.0,0.0,0.0,0.027,0.0,0.0,0.006999999999999999,0.19399999999999998,0.0,0.0,0.06100000000000001,0.223
1dec69d8df78aee955205d8ae8bed0dfe86056f8,19.0,0.9085020242914978,0.0,0.36000000000000004,0.0,0.0,0.0,0.024,0.0,0.0,0.006,0.031,0.0,0.0,0.064,0.064
69e10fa70dbf6c7b2e8c707e9654b449544b737c,18.0,0.7240398293029873,0.0,0.34,0.0,0.0,0.0,0.034,0.0,0.0,0.006,0.25,0.0,0.0,0.040000000000000015,0.256
f1622e2fc63d3b5df69df2960dde2b4a6011e693,18.0,0.8477951635846375,0.0,0.3200000000000001,0.0,0.0,0.001,0.034,0.0,0.0,0.011000000000000001,0.048,0.0,0.0,0.038,0.055999999999999994
3f39a5a48504b2a5cc9934b63f3e03420de1abc5,18.0,0.8406827880512091,0.0,0.273,0.0,0.0,0.0,0.046,0.0,0.0,0.006,0.053,0.0,0.0,0.024,0.063
97c3cb4d63c5512e2b596fbe0de6f3709418e157,17.0,0.7327731092436975,0.0,0.274,0.0,0.0,0.0,0.045,0.0,0.0,0.005,0.151,0.0,0.0,0.033,0.174
a8b6982de98ff76ef254031d7152fff57f6bf941,18.0,0.7174016121384542,0.0,0.29,0.0,0.0,0.0,0.02,0.0,0.0,0.008,0.2,0.0,0.0,0.027,0.204
941f69bfe96753ef30dbb3bb1bdffb72ee8944e0,20.0,0.7041811846689895,0.0,0.299,0.0,0.0,0.0,0.02,0.0,0.0,0.006,0.215,0.0,0.0,0.031,0.21899999999999997
b2e37fca64877104cfdad3f56cdc2c8b98cb6be1,20.0,0.7407665505226481,0.0,0.336,0.0,0.0,0.002,0.024,0.0,0.0,0.009000000000000001,0.233,0.0,0.0,0.044,0.249
50336e64e05f91b6e42fd7b01e419eb826cc7057,19.0,0.8858299595141699,0.0,0.306,0.0,0.0,0.0,0.013,0.0,0.0,0.003,0.021,0.0,0.0,0.027000000000000003,0.027000000000000003
07d990fe2aa7f2991d5b74f96ea2de690514338b,19.0,0.7222672064777328,0.0,0.325,0.0,0.0,0.0,0.031,0.0,0.0,0.004,0.213,0.0,0.0,0.043,0.241
cc19d3029ab0db137da0e95cc55c20b131241cf1,20.0,0.7149825783972126,0.0,0.387,0.0,0.0,0.0,0.048,0.0,0.0,0.006,0.273,0.0,0.0,0.085,0.30100000000000005
c3cbe1b64e7f66ff9f9b53f1388eb135e6693187,19.0,0.7080971659919026,0.0,0.35700000000000004,0.0,0.0,0.0,0.032,0.0,0.0,0.009000000000000001,0.256,0.0,0.0,0.06100000000000001,0.27399999999999997
c850608f18d6cf71d96713abed84def85f5bb8fe,22.0,0.7093544137022398,0.0,0.327,0.0,0.0,0.0,0.030000000000000006,0.0,0.0,0.004,0.238,0.0,0.0,0.032,0.249
6a340521555c392b8f390fd197094e03328d8db0,19.0,0.91497975708502,0.0,0.363,0.0,0.0,0.0,0.020000000000000004,0.0,0.0,0.006999999999999999,0.028999999999999998,0.0,0.0,0.063,0.063
d3b8326ef5d739d8df1de21f4a58bbeb04a2a88a,19.0,0.7024291497975708,0.0,0.254,0.0,0.0,0.0,0.02,0.0,0.0,0.003,0.17300000000000001,0.0,0.0,0.036000000000000004,0.18600000000000003
1406292ba194201a0314c1e7f0161f66ffea7335,19.0,0.7165991902834007,0.0,0.502,0.0,0.0,0.0,0.028999999999999998,0.0,0.0,0.006999999999999999,0.29500000000000004,0.0,0.0,0.057,0.3150000000000001
6ee95c90cb737438b486cae6a199b326b20848d1,19.0,0.7170040485829958,0.0,0.365,0.0,0.0,0.0,0.033,0.0,0.0,0.006999999999999999,0.226,0.0,0.0,0.069,0.27699999999999997
f5ddda0a3ed0c0a8adf4e74dcb230bb609a2717f,20.0,0.6982578397212544,0.0,0.30100000000000005,0.0,0.0,0.0,0.031,0.0,0.0,0.005,0.209,0.0,0.0,0.055,0.21900000000000006
31be24fb9312af091f7e751b6011b1ed5bb03795,23.0,0.6813135985198889,0.0,0.4139999999999999,0.0,0.0,0.0,0.015,0.0,0.0,0.001,0.30700000000000005,0.0,0.0,0.028000000000000004,0.31899999999999995
4c4192d33ff0ee27b9f293658c5a93fbd54e92ac,19.0,0.9072874493927124,0.0,0.35700000000000004,0.0,0.0,0.001,0.022,0.0,0.0,0.011000000000000001,0.046,0.0,0.0,0.07300000000000001,0.073
4eb4f2b2e88a2f9e6c5c1e8d0477060954f24218,23.0,0.6847826086956521,0.0,0.494,0.0,0.0,0.0,0.042,0.0,0.0,0.005,0.326,0.0,0.0,0.052000000000000005,0.34700000000000003
5d00201aec621e81a37447e32baf1a82040ee8e4,19.0,0.7502024291497973,0.0,0.14400000000000002,0.0,0.0,0.0,0.012,0.0,0.0,0.003,0.064,0.0,0.0,0.021,0.085
0b8debbcedd32187c48feeda69e3c3d28357cb71,19.0,0.7170040485829958,0.0,0.389,0.0,0.0,0.0,0.036000000000000004,0.0,0.0,0.006,0.23600000000000004,0.0,0.0,0.08199999999999999,0.30900000000000005
6569bb7a3671cb7241c6fcb6e0f1eef7a39f7a1d,26.0,0.6877922915658764,0.0,0.449,0.0,0.0,0.0,0.031,0.0,0.0,0.003,0.343,0.0,0.0,0.034,0.34700000000000003
4029b29631731c9bd613fbbaf3efd399192f43bf,19.0,0.7170040485829958,0.0,0.32299999999999995,0.0,0.0,0.0,0.021,0.0,0.0,0.004,0.19899999999999998,0.0,0.0,0.052000000000000005,0.244
e38b916ba1ebd3f5c00a6b6b8e77a4cdfea2800f,26.0,0.6797290759554909,0.0,0.368,0.0,0.0,0.0,0.026,0.0,0.0,0.001,0.28,0.0,0.0,0.023,0.28200000000000003
ec48e0cc39d86f95f7b9184aeb1891d721109e55,19.0,0.8740890688259108,0.0,0.406,0.0,0.0,0.001,0.038,0.0,0.0,0.006999999999999999,0.048,0.0,0.0,0.057999999999999996,0.08499999999999999
00c8d2b7623259246c4eb5df63494c6b42c08f85,19.0,0.7113360323886637,0.0,0.386,0.0,0.0,0.0,0.05,0.0,0.0,0.006,0.264,0.0,0.0,0.08499999999999999,0.29600000000000004
aa81e10c34f48a3c4ac7160aa90ee18af4f5c0c2,19.0,0.7020242914979756,0.0,0.33899999999999997,0.0,0.0,0.0,0.044,0.0,0.0,0.004,0.244,0.0,0.0,0.054000000000000006,0.25699999999999995
3b2440a257df45fc49884a5c67bb0c9ce631781d,23.0,0.7074468085106383,0.0,0.34299999999999997,0.0,0.0,0.0,0.053000000000000005,0.0,0.0,0.003,0.249,0.0,0.0,0.031000000000000007,0.262
d3c582598890d1e5e31e4f26e8452ad2dbf40b47,20.0,0.7564459930313588,0.0,0.359,0.0,0.0,0.0,0.032,0.0,0.0,0.005,0.244,0.0,0.0,0.065,0.276
f41efcd0277bd426f1c409f2fe23080926050abf,24.0,0.6961224489795919,0.0,0.3180000000000001,0.0,0.0,0.0,0.03,0.0,0.0,0.002,0.227,0.0,0.0,0.019,0.23000000000000004
4f5a56459a98e21780d813919da66de9eee91b74,20.0,0.670383275261324,0.0,0.307,0.0,0.0,0.0,0.04299999999999999,0.0,0.0,0.004,0.226,0.0,0.0,0.043,0.229
84ffc4b73ca48ebe2423eac7a5f7b0aaa6c93aad,19.0,0.8874493927125505,0.0,0.363,0.0,0.0,0.0,0.043,0.0,0.0,0.009000000000000001,0.053000000000000005,0.0,0.0,0.067,0.10099999999999999
01779db81c28933f4bffbfb2d530937a96a23b84,24.0,0.676530612244898,0.0,0.29400000000000004,0.0,0.0,0.0,0.033,0.0,0.0,0.004,0.209,0.0,0.0,0.026,0.213
a79d5e287a40634f0e41ee8371a742f57245d4bd,24.0,0.6985714285714286,0.0,0.373,0.0,0.0,0.0,0.045,0.0,0.0,0.002,0.27899999999999997,0.0,0.0,0.022000000000000002,0.28300000000000003
6dc38f26dd31f1a367961f27c56b143cd0462e5a,22.0,0.6711462450592887,0.0,0.4280000000000001,0.0,0.0,0.001,0.129,0.0,0.0,0.017,0.374,0.0,0.0,0.07400000000000001,0.41
c28e5bf53a9ce9e32ab84ce2e6eba87ec747d1a0,8.0,1.0,0.0,0.17700000000000002,0.0,0.0,0.0,0.0,0.0,0.0,0.004,0.004,0.0,0.0,0.034,0.034
2c58e975ab00eb369ee3dfbba07a4a78a1ef9e19,24.0,0.6891836734693877,0.0,0.4330000000000001,0.0,0.0,0.0,0.12800000000000006,0.0,0.0,0.006,0.33799999999999997,0.0,0.0,0.067,0.34600000000000003
4f707008353e272c12a7a6543d6ecfc666a7cc64,20.0,0.7034843205574912,0.0,0.4480000000000001,0.0,0.0,0.001,0.116,0.0,0.0,0.02,0.324,0.0,0.0,0.122,0.35400000000000004
c43e4875338e95bd88fe9fe0ddcc5ba2f4e9c418,20.0,0.7080139372822299,0.0,0.3820000000000001,0.0,0.0,0.0,0.109,0.0,0.0,0.014000000000000002,0.276,0.0,0.0,0.095,0.30600000000000005
fcd8807033d27e7591291cd5143d912dd94e09c3,19.0,0.7008097165991902,0.0,0.534,0.0,0.0,0.002,0.15100000000000002,0.0,0.0,0.028000000000000004,0.387,0.0,0.0,0.16399999999999998,0.436
97a270ce61059c876e9ff69261c08c64664bfe13,20.0,0.6933797909407666,0.0,0.5820000000000001,0.0,0.0,0.003,0.163,0.0,0.0,0.03,0.412,0.0,0.0,0.153,0.4420000000000001
f78df946f00cdc9ed2159716b50a785b12b57aca,20.0,0.8390243902439024,0.0,0.4480000000000001,0.0,0.0,0.001,0.116,0.0,0.0,0.023,0.133,0.0,0.0,0.121,0.183
38d04b7dfc11c37e29548d8b046b9b209dfd1fd3,20.0,0.6947735191637632,0.0,0.457,0.0,0.0,0.001,0.109,0.0,0.0,0.019,0.345,0.0,0.0,0.128,0.363
2cad0592106c30b04fe328b3989af619dcb6a49c,20.0,0.7013937282229965,0.0,0.4310000000000001,0.0,0.0,0.003,0.108,0.0,0.0,0.024,0.316,0.0,0.0,0.12,0.337
cd45173d0787948003ffc41bba0ffbd34c915900,20.0,0.7198606271777004,0.0,0.405,0.0,0.0,0.002,0.105,0.0,0.0,0.019000000000000003,0.28900000000000003,0.0,0.0,0.11800000000000002,0.3200000000000001
032c97320f4ca7256a60e7319b6354c62971702c,20.0,0.8216027874564459,0.0,0.551,0.0,0.0,0.005,0.15500000000000005,0.0,0.0,0.029000000000000005,0.17500000000000002,0.0,0.0,0.14800000000000002,0.28400000000000003
2a9f635f6448f101916e3b723af567149a94ab0b,20.0,0.6982578397212544,0.0,0.463,0.0,0.0,0.004,0.132,0.0,0.0,0.028999999999999998,0.3370000000000001,0.0,0.0,0.14200000000000002,0.3670000000000001
1038abfd34a21905e176e6d28f6377c90fce27d7,20.0,0.8250871080139371,0.0,0.4510000000000001,0.0,0.0,0.003,0.129,0.0,0.0,0.02,0.141,0.0,0.0,0.136,0.24700000000000005
188c3be9051e7b2a8012ea1f08ad2b46005f58d5,26.0,0.6753749395258829,0.0,0.39899999999999997,0.0,0.0,0.0,0.115,0.0,0.0,0.001,0.29700000000000004,0.0,0.0,0.03,0.29900000000000004
69073d98de01dbfc5560068b4d2cd705c5933a4b,23.0,0.6766882516188714,0.0,0.466,0.0,0.0,0.0,0.132,0.0,0.0,0.005,0.368,0.0,0.0,0.09,0.38
b919f01e4719631f2621c523d78777ba237be7dd,19.0,0.7384615384615384,0.0,0.3660000000000001,0.0,0.0,0.0,0.085,0.0,0.0,0.013,0.217,0.0,0.0,0.102,0.28900000000000003
f44d6e64ac97d4a5c119e3e22f22f4d87c94b7e1,20.0,0.7184668989547038,0.0,0.4330000000000001,0.0,0.0,0.001,0.11500000000000002,0.0,0.0,0.019000000000000003,0.31399999999999995,0.0,0.0,0.129,0.344
79b1aa4b580534ef6ef7057d5b3b4a8250b8c5e5,19.0,0.6971659919028338,0.0,0.4350000000000001,0.0,0.0,0.0,0.099,0.0,0.0,0.02,0.3200000000000001,0.0,0.0,0.134,0.3480000000000001
a623db776696c0e03f68e849147f6a0c57063c02,13.0,0.9597069597069596,0.0,0.30600000000000005,0.0,0.0,0.0,0.014,0.0,0.0,0.001,0.014,0.0,0.0,0.019,0.019
c221cc8ab03fe7a88982cdddb9e66cff546d29df,20.0,0.8390243902439024,0.0,0.47100000000000003,0.0,0.0,0.001,0.128,0.0,0.0,0.021,0.14200000000000002,0.0,0.0,0.13,0.19300000000000006
8fecf72da0c9d1d6da7ec1aab0214ff68588da88,21.0,0.7179099969797645,0.0,0.512,0.0,0.0,0.002,0.132,0.0,0.0,0.016,0.36,0.0,0.0,0.091,0.38799999999999996
040ce712b73fcb3ff16b7d8dda1246ccd23a6988,22.0,0.7475625823451909,0.0,0.4630000000000001,0.0,0.0,0.0,0.14400000000000002,0.0,0.0,0.015,0.29300000000000004,0.0,0.0,0.08900000000000001,0.362
16b2ab8e25e6bea39ae04f9d310331e411fb2e65,19.0,0.7044534412955463,0.0,0.474,0.0,0.0,0.0,0.113,0.0,0.0,0.021,0.348,0.0,0.0,0.138,0.37799999999999995
83f01fd864e59fa69c894da06f4a15489222d401,24.0,0.6873469387755103,0.0,0.415,0.0,0.0,0.001,0.1,0.0,0.0,0.008,0.30900000000000005,0.0,0.0,0.08800000000000001,0.319
56a728d482ce0c88cd9513eca1e7c7585f0718f9,20.0,0.7142857142857143,0.0,0.424,0.0,0.0,0.0,0.113,0.0,0.0,0.019,0.304,0.0,0.0,0.121,0.33799999999999997
8121d8cfd151ae981f1ce6e21203f2b8c24fcf31,23.0,0.7476873265494911,0.0,0.414,0.0,0.0,0.0,0.114,0.0,0.0,0.006999999999999999,0.22700000000000006,0.0,0.0,0.079,0.32899999999999996
a5266b14a2b7457e076d5f6429c2197baf5412e4,20.0,0.7139372822299651,0.0,0.438,0.0,0.0,0.001,0.114,0.0,0.0,0.022000000000000002,0.247,0.0,0.0,0.122,0.34700000000000003
0db39c27585d52fc19084a8090face5249e2bb4c,20.0,0.7811846689895471,0.0,0.392,0.0,0.0,0.002,0.099,0.0,0.0,0.019000000000000003,0.204,0.0,0.0,0.109,0.231
38049ce2808cafce3884c25c4613aaaff9f2d0d8,20.0,0.7651567944250872,0.0,0.505,0.0,0.0,0.003,0.133,0.0,0.0,0.025,0.252,0.0,0.0,0.121,0.27899999999999997
33deba9579c70e080db29d1efe31297451edf98c,20.0,0.7630662020905922,0.0,0.478,0.0,0.0,0.0,0.064,0.0,0.0,0.012,0.23,0.0,0.0,0.12300000000000001,0.376
bae55f9e99afed86b0d30caff999fd40c4268d48,20.0,0.6909407665505226,0.0,0.39799999999999996,0.0,0.0,0.0,0.095,0.0,0.0,0.013,0.30000000000000004,0.0,0.0,0.102,0.3120000000000001
91afa82cfd285b88999669aa55a725f7c75cc40a,20.0,0.8390243902439024,0.0,0.5680000000000001,0.0,0.0,0.003,0.14700000000000002,0.0,0.0,0.027000000000000003,0.16599999999999998,0.0,0.0,0.162,0.248
07ce1cf7e37591038ed4e1a9ca966ba69350b5d0,20.0,0.7229965156794423,0.0,0.4390000000000001,0.0,0.0,0.001,0.10399999999999998,0.0,0.0,0.019,0.3170000000000001,0.0,0.0,0.116,0.3510000000000001
f229eb960a807dd08c969d861545550456a638e1,20.0,0.7198606271777004,0.0,0.522,0.0,0.0,0.003,0.14600000000000002,0.0,0.0,0.034,0.377,0.0,0.0,0.177,0.4280000000000001
824e82fff399c86cc3b7905ee6a952a848b2e69d,20.0,0.7174216027874564,0.0,0.462,0.0,0.0,0.001,0.115,0.0,0.0,0.022000000000000002,0.31999999999999995,0.0,0.0,0.13,0.361
1fd04fdb7be9ac08369394ef85537ad0ccaa2064,20.0,0.7362369337979093,0.0,0.4270000000000001,0.0,0.0,0.002,0.07399999999999997,0.0,0.0,0.018000000000000002,0.262,0.0,0.0,0.096,0.3260000000000001
7ba0ee75547878ddccc5ab50777b67c712aa73e4,23.0,0.7261794634597595,0.0,0.517,0.0,0.0,0.0,0.10099999999999999,0.0,0.0,0.009000000000000001,0.375,0.0,0.0,0.113,0.42
42f17bac873279c4aba648d841258c6df8518302,20.0,0.7198606271777004,0.0,0.48200000000000004,0.0,0.0,0.001,0.12,0.0,0.0,0.02,0.342,0.0,0.0,0.14400000000000002,0.381
3c81151c7b4dd4739b11f0b6aa5eff81c07fd684,20.0,0.7432055749128921,0.0,0.365,0.0,0.0,0.0,0.08000000000000003,0.0,0.0,0.012,0.235,0.0,0.0,0.08199999999999999,0.266
42c0a0ecf47607d3407f7b5db966160bf98cd30f,23.0,0.7444495837187789,0.0,0.485,0.0,0.0,0.0,0.102,0.0,0.0,0.005,0.289,0.0,0.0,0.07400000000000001,0.349
1203bd459fe137e78a2a6dc2969f3c4995b726ce,20.0,0.696864111498258,0.0,0.48,0.0,0.0,0.0,0.1,0.0,0.0,0.02,0.3300000000000001,0.0,0.0,0.121,0.3510000000000001
e2ff399dfdb1d4cf4ebb639d1fc2689aa2f6f3eb,25.0,0.6834389140271493,0.0,0.409,0.0,0.0,0.0,0.096,0.0,0.0,0.0,0.29400000000000004,0.0,0.0,0.04,0.3140000000000001
ad4a1bee132ee7d1167ac795407345f2bc6a1db8,24.0,0.7530612244897958,0.0,0.376,0.0,0.0,0.0,0.094,0.0,0.0,0.005,0.242,0.0,0.0,0.064,0.28600000000000003
654bc6f981587bd4b39b66702550bad33e1eacc9,25.0,0.6903167420814479,0.0,0.441,0.0,0.0,0.0,0.10699999999999997,0.0,0.0,0.01,0.332,0.0,0.0,0.069,0.35100000000000003
416ad294fb97f594c05dda7da53733cea59ab0ce,24.0,0.6918367346938777,0.0,0.39299999999999996,0.0,0.0,0.0,0.08199999999999999,0.0,0.0,0.003,0.28800000000000003,0.0,0.0,0.064,0.30000000000000004
35bceca331e07938a9c4cd62d68e08740cd39575,6.0,1.0,0.0,0.183,0.0,0.0,0.0,0.0,0.0,0.0,0.006,0.006,0.0,0.0,0.023,0.023
cde6403a3c881403a7cf06f4d7d087464038daf6,20.0,0.6940766550522649,0.0,0.51,0.0,0.0,0.004,0.136,0.0,0.0,0.027999999999999997,0.38799999999999996,0.0,0.0,0.15100000000000002,0.414
48f31787f88cfe851aeaf796c6f2809dce380f37,20.0,0.7195121951219511,0.0,0.4480000000000001,0.0,0.0,0.004,0.09300000000000001,0.0,0.0,0.029,0.30700000000000005,0.0,0.0,0.11800000000000001,0.3500000000000001
9eab14f2c4e581102bb5f8fa9943f7c0ca541016,20.0,0.8404181184668991,0.0,0.562,0.0,0.0,0.004,0.133,0.0,0.0,0.033,0.162,0.0,0.0,0.156,0.214
d3f02400eca1c5cbf84212c46cebcff511536655,22.0,0.6745718050065875,0.0,0.451,0.0,0.0,0.002,0.12,0.0,0.0,0.016,0.344,0.0,0.0,0.094,0.35600000000000004
c63ccf8324539deddab636dd3c8003201024af1a,22.0,0.6877470355731224,0.0,0.5529999999999999,0.0,0.0,0.001,0.122,0.0,0.0,0.026,0.433,0.0,0.0,0.128,0.455
5e386d51f396deec5743ca9cc4e3f0e7559d3956,25.0,0.6619004524886877,0.0,0.501,0.0,0.0,0.0,0.138,0.0,0.0,0.01,0.38799999999999996,0.0,0.0,0.07500000000000001,0.402
f71712ba5d28df09c9a5b6e3c8a37f05f5e3372d,25.0,0.6772850678733032,0.0,0.446,0.0,0.0,0.0,0.1,0.0,0.0,0.003,0.3390000000000001,0.0,0.0,0.065,0.353
aff239790b5344ac99196a931d0d2efc8916156b,24.0,0.6622448979591837,0.0,0.456,0.0,0.0,0.0,0.14300000000000002,0.0,0.0,0.013,0.3510000000000001,0.0,0.0,0.096,0.363
7c8df4ca183550cd1d818b718cd1336a97447775,24.0,0.679795918367347,0.0,0.49,0.0,0.0,0.0,0.16700000000000004,0.0,0.0,0.008,0.384,0.0,0.0,0.114,0.4
ea1fb65e9ff8eee82c4e379dc3236d09a5ab02e1,26.0,0.6684405741009516,0.0,0.414,0.0,0.0,0.0,0.139,0.0,0.0,0.002,0.3200000000000001,0.0,0.0,0.048,0.324
35e80a779b7908ddcd41a6a7df5f21b30bf999d2,20.0,0.7794425087108012,0.0,0.551,0.0,0.0,0.003,0.20199999999999999,0.0,0.0,0.027000000000000003,0.23600000000000004,0.0,0.0,0.16600000000000004,0.30900000000000005
a7749a63871a7deccc33e66a22574e98264ce807,19.0,0.7093117408906882,0.0,0.475,0.0,0.0,0.0,0.109,0.0,0.0,0.006999999999999999,0.31899999999999995,0.0,0.0,0.09300000000000001,0.345
590f77e561de567305c5992f6016f1e9af2178ca,9.0,0.936842105263158,0.0,0.479,0.0,0.0,0.006999999999999999,0.026,0.0,0.0,0.033,0.08399999999999999,0.0,0.0,0.132,0.132
982ce8a3cea6158e22f351527d12853f0bd7050f,19.0,0.7238866396761132,0.0,0.451,0.0,0.0,0.0,0.122,0.0,0.0,0.005,0.32299999999999995,0.0,0.0,0.102,0.36
b185fd76845a9c99e4077bc017d25d65ed58d440,20.0,0.8031358885017422,0.0,0.47700000000000004,0.0,0.0,0.0,0.14600000000000002,0.0,0.0,0.023,0.173,0.0,0.0,0.136,0.242
c33ba536da04e5b22a1c2740ce38761300dd13a9,20.0,0.7101045296167248,0.0,0.4320000000000001,0.0,0.0,0.0,0.132,0.0,0.0,0.02,0.31000000000000005,0.0,0.0,0.126,0.3480000000000001
410c15f17dd04588f9f402c8d27cb7a6843f0da7,20.0,0.6958188153310104,0.0,0.484,0.0,0.0,0.003,0.145,0.0,0.0,0.026,0.3650000000000001,0.0,0.0,0.139,0.3910000000000001
51163017325cf175cda594faed991c05e9fdbe77,19.0,0.7348178137651821,0.0,0.525,0.0,0.0,0.002,0.138,0.0,0.0,0.027000000000000003,0.32899999999999996,0.0,0.0,0.14800000000000002,0.419
4fa93397353a7cd3cf15f9c29c40f8a18fc051e5,6.0,0.989010989010989,0.0,0.235,0.0,0.0,0.0,0.001,0.0,0.0,0.004,0.004,0.0,0.0,0.035,0.035
45111a152d6568c38c268b6460045ad60f7cdeff,25.0,0.6790950226244343,0.0,0.5,0.0,0.0,0.0,0.16899999999999998,0.0,0.0,0.008,0.3730000000000001,0.0,0.0,0.07,0.39399999999999996
3a81df16aae71eef82e0074cb6e8953aea33dbb0,9.0,0.936842105263158,0.0,0.368,0.0,0.0,0.004,0.024,0.0,0.0,0.027999999999999997,0.07999999999999999,0.0,0.0,0.117,0.117
655e3aab5ad477a790f967f563b8d41c1267475b,19.0,0.8161943319838054,0.0,0.4340000000000001,0.0,0.0,0.0,0.07999999999999999,0.0,0.0,0.021,0.16199999999999998,0.0,0.0,0.122,0.225
ad23b481e4c40fcc73c1fa59513b5a7ab0e271d6,19.0,0.7056680161943318,0.0,0.55,0.0,0.0,0.002,0.119,0.0,0.0,0.034,0.38,0.0,0.0,0.153,0.4350000000000001
fe001bcccd29f9659ff375a625fd575c9285ce86,20.0,0.6905923344947734,0.0,0.539,0.0,0.0,0.002,0.18100000000000002,0.0,0.0,0.029000000000000005,0.406,0.0,0.0,0.16699999999999998,0.4310000000000001
57dbebc884455205ea221f942723a496d399f86a,20.0,0.8254355400696866,0.0,0.5479999999999999,0.0,0.0,0.002,0.11900000000000001,0.0,0.0,0.025,0.191,0.0,0.0,0.15300000000000002,0.27899999999999997
a97672ad240f679f0071e046a119edb6d7dcbb1c,21.0,0.7333131984294775,0.0,0.515,0.0,0.0,0.0,0.102,0.0,0.0,0.016,0.319,0.0,0.0,0.11100000000000003,0.405
ea00e065f6245a94f87becf7d6ea80c46bc21ef1,21.0,0.7245545152521897,1.0,0.45399999999999996,1.0,0.0,0.006999999999999999,0.098,1.0,1.0,0.014000000000000002,0.292,1.0,1.0,0.1,0.36
f7e2868fa34b96b5c69d583ac36399dcb33fcc41,21.0,0.7456961643008155,0.0,0.48700000000000004,0.0,0.0,0.0,0.08299999999999999,0.0,0.0,0.013,0.29,0.0,0.0,0.092,0.37
35b592536592219f1b7731641726f0c7585039a5,21.0,0.7426759287224404,0.0,0.589,0.0,0.0,0.003,0.11599999999999999,0.0,0.0,0.022000000000000002,0.35600000000000004,0.0,0.0,0.122,0.4490000000000001
22a17d24279450e7e214b57beb4c0bda5f3698e5,27.0,0.7483405483405484,0.0,0.529,0.0,0.0,0.0,0.139,0.0,0.0,0.004,0.331,0.0,0.0,0.07,0.412
c324fabe86c0a59eb635610dc85d8d7a7be25c74,21.0,0.7269707037148899,0.0,0.5379999999999999,0.0,0.0,0.001,0.11199999999999999,0.0,0.0,0.022000000000000002,0.369,0.0,0.0,0.133,0.4300000000000001
a129f801497f6dc90048fa5cd52672274425cc18,22.0,0.7167325428194993,0.0,0.4580000000000001,0.0,0.0,0.002,0.095,0.0,0.0,0.017,0.31699999999999995,0.0,0.0,0.09800000000000003,0.36000000000000004
d8fb52127f867cdf5171429dac2b812382170dd5,22.0,0.7167325428194993,0.0,0.552,0.0,0.0,0.002,0.106,0.0,0.0,0.018000000000000002,0.413,0.0,0.0,0.118,0.44
bd789b079038c1b3f41d05f869c244b54840dbca,27.0,0.6750360750360751,0.0,0.649,0.0,0.0,0.0,0.29000000000000004,0.0,0.0,0.004,0.5800000000000001,0.0,0.0,0.09699999999999999,0.643
a63fcab33707b7b466fbbf4ce4e7e63d787ba23e,23.0,0.7812210915818686,0.0,1.096,0.0,0.0,0.0,0.619,0.0,0.0,0.02,0.6940000000000001,0.0,0.0,0.155,0.777
2b488261f65629bca62d633057566b1dfdd3038a,6.0,0.989010989010989,0.0,0.18600000000000003,0.0,0.0,0.0,0.0,0.0,0.0,0.002,0.002,0.0,0.0,0.029000000000000005,0.029000000000000005
4685bd091a690e219e629687bf84cc6f752eff81,23.0,0.6572617946345976,0.0,1.0219999999999996,0.0,0.0,0.001,0.61,0.0,0.0,0.019000000000000003,0.9189999999999998,0.0,0.0,0.15100000000000002,1.0070000000000001
fb8b60b4d3d202c6fa708f60b8b4a5a53836af24,24.0,0.6759183673469388,0.0,1.367,0.0,0.0,0.001,0.7070000000000001,0.0,0.0,0.024,1.2999999999999998,0.0,0.0,0.14800000000000002,1.344
24de855a1bc860ed8720b9941277e76c4034cf9c,26.0,0.6887598774391227,0.0,2.847,0.0,0.0,0.001,2.127,0.0,0.0,0.016,2.7550000000000003,0.0,0.0,0.105,2.83
06159687218f6b9acdcab87ac112dc680867aa7f,23.0,0.666049953746531,0.0,2.8999999999999995,0.0,0.0,0.002,2.116,0.0,0.0,0.022000000000000002,2.7,0.0,0.0,0.16599999999999998,2.8840000000000003
f3035cafbbd8830de75f641920f8e5dbf0070f7c,22.0,0.764163372859025,0.0,2.826,0.0,0.0,0.001,2.067,0.0,0.0,0.022,2.1419999999999995,0.0,0.0,0.14900000000000002,2.2299999999999995
5edd9aed61290b5c6123a0b498e902cc74783430,23.0,0.7014338575393154,0.0,2.656,0.0,0.0,0.002,2.033,0.0,0.0,0.021,2.381,0.0,0.0,0.14200000000000002,2.625
a58c8e679c00be9abea4925d3b96c16fd2cd9c64,25.0,0.6550226244343892,0.0,2.6779999999999995,0.0,0.0,0.0,2.041,0.0,0.0,0.006,2.596,0.0,0.0,0.096,2.6699999999999995
2d340db5b1ba48079b3bad81a5ffe7c9c7ac26e0,25.0,0.6799999999999998,0.0,2.78,0.0,0.0,0.002,2.149,0.0,0.0,0.013999999999999999,2.6180000000000003,0.0,0.0,0.124,2.7589999999999995
adb7a15a1e2dd6742a25592602a6e8ee77b518b6,8.0,0.9705882352941176,0.0,0.425,0.0,0.0,0.0,0.001,0.0,0.0,0.001,0.001,0.0,0.0,0.019,0.019
1ece207d4d14336c405e9e3c2edee3f1cf88d14d,13.0,0.9072039072039072,0.0,0.532,0.0,0.0,0.0,0.086,0.0,0.0,0.005,0.087,0.0,0.0,0.02,0.094
4d78e0316e1eae331bc0b460f367ce878688d6d2,6.0,0.9670329670329672,0.0,0.15500000000000005,0.0,0.0,0.003,0.004,0.0,0.0,0.01,0.01,0.0,0.0,0.013999999999999999,0.013999999999999999
f75f47397836ba2127f06c8390a87eada369f7cc,18.0,0.7629208155523947,0.0,2.716,0.0,0.0,0.003,2.005,0.0,0.0,0.067,2.132,0.0,0.0,0.215,2.168999999999999
aeaf3c1a03fe4d5bfda4d63824a1f97dcec42e74,26.0,0.6440896629575875,0.0,2.6980000000000004,0.0,0.0,0.0,2.029,0.0,0.0,0.016,2.65,0.0,0.0,0.131,2.688
1d7e6fa1c5fb974bdae7abeabbb1e5a48dc00967,22.0,0.764163372859025,0.0,2.7380000000000004,0.0,0.0,0.002,2.039,0.0,0.0,0.039000000000000014,2.129,0.0,0.0,0.181,2.1870000000000003
b8411990753314ed3b746d3402dec5a65ff6d603,13.0,0.9389499389499391,0.0,0.581,0.0,0.0,0.0,0.055,0.0,0.0,0.002,0.055999999999999994,0.0,0.0,0.023,0.067
8808e3fbc5a8f25970c151d076636ad05798ff9d,26.0,0.6786002257700371,0.0,2.627,0.0,0.0,0.0,2.028,0.0,0.0,0.014000000000000002,2.5580000000000007,0.0,0.0,0.099,2.612
e38af6a351cef738885cb61fed828d9c9f6ec5a1,30.0,0.6767847699629828,0.0,2.9330000000000003,0.0,0.0,0.0,2.215,0.0,0.0,0.014,2.8520000000000008,0.0,0.0,0.13,2.9200000000000004
6f9013beaf53ab0786c4587505d1ba1f76e5eb99,30.0,0.6357482813326284,0.0,2.73,0.0,0.0,0.0,2.1,0.0,0.0,0.006,2.714,0.0,0.0,0.1,2.7259999999999986
9cb4bf068e6e76836b5fa740d7bcc2bb058a14e5,18.0,0.7515410146989095,0.0,2.5900000000000003,0.0,0.0,0.002,1.893,0.0,0.0,0.05800000000000001,2.024,0.0,0.0,0.21800000000000005,2.0540000000000003
c3f8caa7c16c08b803b0f34bfffdf9777c7e382c,27.0,0.6784992784992785,0.0,2.6739999999999995,0.0,0.0,0.0,1.985,0.0,0.0,0.016,2.5789999999999997,0.0,0.0,0.11800000000000001,2.657
3e4b76b6bbfc0ae1681d197dfacb3bf5afe0a5c1,25.0,0.6921266968325792,0.0,2.7190000000000003,0.0,0.0,0.002,2.0320000000000005,0.0,0.0,0.034,2.5780000000000003,0.0,0.0,0.149,2.682
e6af571528c55832a015202ac4d8db9fc424d362,27.0,0.6451659451659452,0.0,2.806,0.0,0.0,0.0,2.129,0.0,0.0,0.018000000000000002,2.7159999999999997,0.0,0.0,0.163,2.7939999999999996
b001b304826d33f8f2b34fc7f14a931d9a97cf8a,27.0,0.6769119769119771,0.0,2.736,0.0,0.0,0.0,2.063,0.0,0.0,0.016,2.6260000000000003,0.0,0.0,0.141,2.7189999999999994
c07c0eead5ec708303b7bfb54c28df2e7cad19e9,30.0,0.6588048651507141,0.0,2.715,0.0,0.0,0.0,2.0380000000000003,0.0,0.0,0.013,2.655,0.0,0.0,0.116,2.701
4c142cacf4d92b2214b3858e033d518ecdbf57f5,25.0,0.6865158371040724,0.0,2.805,0.0,0.0,0.002,2.082,0.0,0.0,0.028,2.6460000000000004,0.0,0.0,0.168,2.7710000000000004
87b54a51777248440947c91ec43652b771c42dc6,25.0,0.6899547511312215,0.0,2.705,0.0,0.0,0.001,2.016,0.0,0.0,0.03,2.505,0.0,0.0,0.155,2.6740000000000004
f627193ce0950f0d55ed1b4f6a2fe9973447853a,30.0,0.6272871496562666,0.0,2.8489999999999998,0.0,0.0,0.0,2.16,0.0,0.0,0.017,2.8089999999999997,0.0,0.0,0.133,2.838
f9307ec96a894191e5d3782601ddb49fbfc53ea6,27.0,0.6672438672438673,0.0,2.737,0.0,0.0,0.0,2.045,0.0,0.0,0.016,2.6210000000000004,0.0,0.0,0.15000000000000002,2.7179999999999995
45c54996c4e8d74cf84304e767934ff584c24702,25.0,0.6964705882352941,0.0,2.7709999999999995,0.0,0.0,0.002,2.128000000000001,0.0,0.0,0.027999999999999997,2.58,0.0,0.0,0.14400000000000002,2.7419999999999995
df272b77c2cf89e9cbe2512bbddf8a3bc28a704b,7.0,0.9928571428571428,0.0,0.499,0.0,0.0,0.0,0.001,0.0,0.0,0.006,0.006,0.0,0.0,0.063,0.063
e5210d1f9ef4f1d41ff0a8c4a2ab8e9192d5e087,7.0,1.0,0.0,0.4360000000000001,0.0,0.0,0.0,0.0,0.0,0.0,0.0,0.0,0.0,0.0,0.043,0.043
b92b4f6b9b3256e97bfb6a0732bf113b6da53a4c,14.0,0.9458128078817732,0.0,0.6379999999999999,0.0,0.0,0.0,0.058,0.0,0.0,0.012,0.065,0.0,0.0,0.06000000000000001,0.096
f1110a9021c2caa28cbe3177c0c3a0f5ae326eb4,26.0,0.7118206740848249,0.0,2.8200000000000003,0.0,0.0,0.002,2.083,0.0,0.0,0.023,2.625,0.0,0.0,0.12300000000000001,2.7789999999999995
2c4e79b104c0ff32566ce247617d47c0b39cc2c7,27.0,0.717027417027417,0.0,3.5189999999999997,0.0,0.0,0.001,2.736,0.0,0.0,0.027000000000000003,3.2500000000000013,0.0,0.0,0.183,3.4880000000000004
1028b37a1dfbc5dda7b18cbe692ab168c54fb505,22.0,0.6790513833992096,0.0,3.426,0.0,0.0,0.003,2.631,0.0,0.0,0.055000000000000014,3.2790000000000004,0.0,0.0,0.196,3.389
f37e6481d3acf115bfe09a699b6b20b93522f944,10.0,0.9844155844155844,0.0,0.4580000000000001,0.0,0.0,0.0,0.001,0.0,0.0,0.008,0.008,0.0,0.0,0.048,0.048
e0f9c5fbb3961ab3a5baacabbde85a2569abed65,10.0,0.9922077922077924,0.0,0.514,0.0,0.0,0.0,0.001,0.0,0.0,0.004,0.004,0.0,0.0,0.052000000000000005,0.052000000000000005
0f7e0cc373aced32629f5321c9521f81d8248647,28.0,0.6567280269639617,0.0,3.3560000000000003,0.0,0.0,0.001,2.721,0.0,0.0,0.023,3.264,0.0,0.0,0.157,3.342
3c699bad0467bec4adc55666f0d02e312ab22a60,10.0,1.0,0.0,0.605,0.0,0.0,0.0,0.0,0.0,0.0,0.009000000000000001,0.009000000000000001,0.0,0.0,0.07100000000000001,0.07100000000000001
e9feec90dbd3e428dc1930c3b5efbd9271160d01,7.0,1.0,0.0,0.544,0.0,0.0,0.0,0.0,0.0,0.0,0.01,0.01,0.0,0.0,0.07300000000000001,0.07300000000000001
f25170a35a57d8cdc63b49f74eeb1b8041516490,10.0,0.9922077922077924,0.0,0.505,0.0,0.0,0.0,0.001,0.0,0.0,0.003,0.003,0.0,0.0,0.048,0.048
18ef323541f6c369824e0c726b2be55880ec36da,7.0,1.0,0.0,0.52,0.0,0.0,0.0,0.0,0.0,0.0,0.003,0.003,0.0,0.0,0.058,0.058
834c81bb55d7ccdc0d7b158595ad7aa92db6ed8b,26.0,0.6968230930495081,0.0,2.84,0.0,0.0,0.003,2.108,0.0,0.0,0.031000000000000007,2.722,0.0,0.0,0.15300000000000002,2.806
04f0ab3bf48a4ea1247fa9619b34cac6f6049a6a,29.0,0.6831092928112218,0.0,3.539,0.0,0.0,0.001,2.727,0.0,0.0,0.017,3.43,0.0,0.0,0.138,3.51
bf6667c439a1fa29ea50d531b65633ffe150d16b,26.0,0.7113368811482019,0.0,3.4100000000000006,0.0,0.0,0.001,2.6710000000000003,0.0,0.0,0.024,3.2110000000000003,0.0,0.0,0.14,3.3489999999999998
850a9cc02fb72cc450d1a9dc41912fa80fee9020,33.0,0.6583127145023544,0.0,3.384,0.0,0.0,0.0,2.681,0.0,0.0,0.006999999999999999,2.9130000000000003,0.0,0.0,0.087,3.378
e38dfd44829e13ee83fd62bfe937580f5a998c11,28.0,0.702488981073373,0.0,3.512,0.0,0.0,0.001,2.7780000000000005,0.0,0.0,0.021,3.4080000000000004,0.0,0.0,0.157,3.4810000000000003
f1b885d238d8576d91d71a09f8658358dd846921,29.0,0.6623027469316191,0.0,3.205,0.0,0.0,0.0,2.619,0.0,0.0,0.01,3.143,0.0,0.0,0.106,3.195
77966f79996f3fc4c7828b4d02a926c071faf040,26.0,0.7003709079180777,0.0,3.447,0.0,0.0,0.003,2.676,0.0,0.0,0.033,3.3169999999999997,0.0,0.0,0.17600000000000002,3.407
6be19a6fa26e6e5e3d716283bad4b5de0348a8b7,26.0,0.664247701983551,0.0,3.468,0.0,0.0,0.003,2.6830000000000003,0.0,0.0,0.037000000000000005,3.37,0.0,0.0,0.158,3.4439999999999995
bdf1df7eb3ca76cdcdaca38f7df5d941bbb1c664,14.0,0.9438423645320196,0.0,0.599,0.0,0.0,0.0,0.062,0.0,0.0,0.012,0.067,0.0,0.0,0.06100000000000001,0.098
20ec85e678bb20d5988491d50789811ed1ee9eca,28.0,0.7254342753435312,0.0,3.4189999999999987,0.0,0.0,0.002,2.68,0.0,0.0,0.026,3.199,0.0,0.0,0.17600000000000002,3.394
59f10777132745ec84eefad77dcabd2109947e97,28.0,0.7001555613170858,0.0,3.512,0.0,0.0,0.001,2.724,0.0,0.0,0.021,3.431,0.0,0.0,0.165,3.4799999999999995
eec4cf3503d226272642c7507686e96870307dfb,26.0,0.7163360748266406,0.0,3.4290000000000003,0.0,0.0,0.0,2.636,0.0,0.0,0.028000000000000004,3.175,0.0,0.0,0.15100000000000002,3.37
ae99d7ebaa7ce4e8446150ce4ccbad4646433f8f,14.0,0.9458128078817732,0.0,0.589,0.0,0.0,0.0,0.052000000000000005,0.0,0.0,0.012,0.06000000000000001,0.0,0.0,0.057999999999999996,0.08700000000000001
16491229eeee7cea72d35ff0de6ed7302fd088de,14.0,0.9438423645320196,0.0,0.585,0.0,0.0,0.001,0.064,0.0,0.0,0.012,0.07200000000000001,0.0,0.0,0.06100000000000001,0.101
c8c05694da5489221c27e45a5e49d0f5fcb41863,33.0,0.6550403064889457,0.0,3.395,0.0,0.0,0.0,2.745,0.0,0.0,0.006,3.3399999999999994,0.0,0.0,0.08900000000000001,3.389
105f7bdcdbfffc879d0737cf857c02b6823b1b73,33.0,0.671322531726395,0.0,3.425,0.0,0.0,0.0,2.763,0.0,0.0,0.009000000000000001,3.35,0.0,0.0,0.085,3.4160000000000004
ae7d21635654f1e93e4b732983d633af46f53b73,33.0,0.6694069758161066,0.0,3.5340000000000003,0.0,0.0,0.0,2.8960000000000004,0.0,0.0,0.006,3.435,0.0,0.0,0.106,3.528
4d104721d96baaa6a6c28d2b472a37f631227f46,26.0,0.7110143525237865,0.0,3.477,0.0,0.0,0.003,2.672,0.0,0.0,0.034,3.25,0.0,0.0,0.18000000000000002,3.444
1933e9727c694863d6b7a9bb98682b560510d212,26.0,0.7127882599580713,0.0,3.446,0.0,0.0,0.001,2.6910000000000003,0.0,0.0,0.036000000000000004,3.2270000000000003,0.0,0.0,0.17300000000000001,3.41
426ffe7870b937ef9cfa25ebe20e7a478493da99,27.0,0.7203463203463204,1.0,3.364999999999999,1.0,0.0,0.025,2.693,1.0,0.0,0.033,3.165,1.0,0.0,0.129,3.312999999999999
