rank_index,time,class,failures,ranking,nfpa,failure_metric
0.5211751766960885,0.0,1.0,0,17,0.8549019607843138,0
0.5211621365070835,0.003,1.0,0,11,0.8549019607843138,0
0.5211589425774446,0.039,0.0,0,3,0.8549019607843138,0
0.5211553409800852,0.001,1.0,0,13,0.8549019607843138,0
0.5211543330058446,0.0,1.0,0,14,0.8549019607843138,0
0.5211508893956516,0.0,1.0,0,16,0.8549019607843138,0
0.5211453644266898,0.033,0.0,0,5,0.8549019607843138,0
0.521144482220828,0.085,0.0,0,1,0.8549019607843138,0
0.5211444772263778,0.003,1.0,0,10,0.8549019607843138,0
0.521140972421678,0.004,1.0,0,9,0.8549019607843138,0
0.5211409703738245,0.002,1.0,0,12,0.8549019607843138,0
0.5211404979732592,0.009000000000000001,0.0,0,8,0.8549019607843138,0
0.5211404366968547,0.059000000000000004,0.0,0,2,0.8549019607843138,0
0.5211380911752833,0.0,1.0,0,15,0.8549019607843138,0
0.5211380896234862,0.036000000000000004,0.0,0,4,0.8549019607843138,0
0.5211380895692229,0.015,0.0,0,6,0.8549019607843138,0
0.5211380894039053,0.012,0.0,0,7,0.8549019607843138,0
rank_index,time,class,failures,ranking,nfpa,failure_metric
0.5211752025294503,0.001,1.0,0,14,0.8476190476190477,0
0.5211613362855876,0.003,1.0,0,12,0.8476190476190477,0
0.5211589539721211,0.062,0.0,0,3,0.8476190476190477,0
0.5211553596503651,0.001,1.0,0,15,0.8476190476190477,0
0.521154349258674,0.002,1.0,0,13,0.8476190476190477,0
0.5211509031688535,0.001,1.0,0,16,0.8476190476190477,0
0.5211453706959039,0.038,0.0,0,4,0.8476190476190477,0
0.5211444850022351,0.005,0.0,0,10,0.8476190476190477,0
0.5211444813277443,0.065,0.0,0,2,0.8476190476190477,0
0.5211409761833719,0.008,0.0,0,9,0.8476190476190477,0
0.5211409739990059,0.003,1.0,0,11,0.8476190476190477,0
0.5211405002896342,0.012,0.0,0,8,0.8476190476190477,0
0.5211404411602173,0.073,0.0,0,1,0.8476190476190477,0
0.5211380904544278,0.0,1.0,0,17,0.8476190476190477,0
0.5211380896233304,0.024,0.0,0,5,0.8476190476190477,0
0.5211380895698139,0.015,0.0,0,7,0.8476190476190477,0
0.5211380894045446,0.019,0.0,0,6,0.8476190476190477,0
rank_index,time,class,failures,ranking,nfpa,failure_metric
0.5211866691661767,0.0,1.0,0,23,0.8948416289592759,0
0.5211797709025946,0.0,1.0,0,18,0.8948416289592759,0
0.5211795136676292,0.0,1.0,0,24,0.8948416289592759,0
0.5211759531567165,0.0,1.0,0,20,0.8948416289592759,0
0.5211754438725082,0.0,1.0,0,19,0.8948416289592759,0
0.5211677000393014,0.001,1.0,0,16,0.8948416289592759,0
0.52116723548465,0.003,1.0,0,13,0.8948416289592759,0
0.5211639201823948,0.0,1.0,0,17,0.8948416289592759,0
0.5211615906133243,0.002,1.0,0,14,0.8948416289592759,0
0.5211591675720786,0.043,0.0,0,4,0.8948416289592759,0
0.5211555720399421,0.0,1.0,0,22,0.8948416289592759,0
0.5211545537869282,0.001,1.0,0,15,0.8948416289592759,0
0.521151079561764,0.0,1.0,0,21,0.8948416289592759,0
0.5211467818278587,0.099,0.0,0,1,0.8948416289592759,0
0.5211454813006168,0.035,0.0,0,5,0.8948416289592759,0
0.5211445904304437,0.08,0.0,0,2,0.8948416289592759,0
0.5211445867532403,0.006,0.0,0,10,0.8948416289592759,0
0.5211410234156032,0.005,0.0,0,11,0.8948416289592759,0
0.5211410220462004,0.004,1.0,0,12,0.8948416289592759,0
0.5211405413818153,0.01,0.0,0,9,0.8948416289592759,0
0.5211404776041121,0.07200000000000001,0.0,0,3,0.8948416289592759,0
0.5211380897145552,0.0,1.0,0,25,0.8948416289592759,0
0.5211380896351895,0.027000000000000003,0.0,0,6,0.8948416289592759,0
0.5211380895801566,0.016,0.0,0,7,0.8948416289592759,0
0.5211380894114072,0.013000000000000001,0.0,0,8,0.8948416289592759,0
rank_index,time,class,failures,ranking,nfpa,failure_metric
0.5211752183072457,0.0,1.0,0,17,0.8529616724738678,0
0.5211751833161788,0.001,1.0,0,15,0.8529616724738678,0
0.5211671512740315,0.001,1.0,0,14,0.8529616724738678,0
0.5211666784550286,0.004,1.0,0,10,0.8529616724738678,0
0.5211589355193517,0.042,0.0,0,4,0.8529616724738678,0
0.521155345155248,0.0,1.0,0,19,0.8529616724738678,0
0.5211543340929029,0.0,1.0,0,16,0.8529616724738678,0
0.5211508900778772,0.0,1.0,0,20,0.8529616724738678,0
0.5211467838900141,0.069,0.0,0,2,0.8529616724738678,0
0.5211453639783368,0.027000000000000003,0.0,0,5,0.8529616724738678,0
0.5211444780835427,0.003,1.0,0,12,0.8529616724738678,0
0.5211444780113926,0.08,0.0,0,1,0.8529616724738678,0
0.5211409728840285,0.004,1.0,0,11,0.8529616724738678,0
0.5211409709179293,0.003,1.0,0,13,0.8529616724738678,0
0.5211404980607952,0.012,0.0,0,9,0.8529616724738678,0
0.5211404354732959,0.064,0.0,0,3,0.8529616724738678,0
0.5211380897105553,0.0,1.0,0,18,0.8529616724738678,0
0.5211380896230074,0.023,0.0,0,6,0.8529616724738678,0
0.5211380895691698,0.015,0.0,0,7,0.8529616724738678,0
0.5211380894039476,0.013999999999999999,0.0,0,8,0.8529616724738678,0
rank_index,time,class,failures,ranking,nfpa,failure_metric
0.5211751875881773,0.0,1.0,0,19,0.8535185744488071,0
0.5211671562474594,0.001,1.0,0,14,0.8535185744488071,0
0.5211666843747891,0.002,1.0,0,13,0.8535185744488071,0
0.5211614543474762,0.003,1.0,0,12,0.8535185744488071,0
0.5211608856854516,0.0,1.0,0,17,0.8535185744488071,0
0.5211589427466521,0.046,0.0,0,4,0.8535185744488071,0
0.5211553549838812,0.0,1.0,0,18,0.8535185744488071,0
0.5211543409229563,0.001,1.0,0,15,0.8535185744488071,0
0.5211508975442147,0.0,1.0,0,20,0.8535185744488071,0
0.5211468042039202,0.063,0.0,0,3,0.8535185744488071,0
0.5211453720211818,0.038,0.0,0,5,0.8535185744488071,0
0.5211444820588587,0.005,0.0,0,11,0.8535185744488071,0
0.5211444803867287,0.083,0.0,0,1,0.8535185744488071,0
0.5211409748993828,0.006,0.0,0,10,0.8535185744488071,0
0.5211409723424455,0.001,1.0,0,16,0.8535185744488071,0
0.5211404991608949,0.009000000000000001,0.0,0,9,0.8535185744488071,0
0.5211404385043121,0.063,0.0,0,2,0.8535185744488071,0
0.5211380897107712,0.0,1.0,0,21,0.8535185744488071,0
0.5211380896238237,0.03,0.0,0,6,0.8535185744488071,0
0.5211380895695108,0.013000000000000001,0.0,0,8,0.8535185744488071,0
0.521138089404125,0.013999999999999999,0.0,0,7,0.8535185744488071,0
rank_index,time,class,failures,ranking,nfpa,failure_metric
0.521180133106261,0.001,1.0,0,17,0.8918755662941712,0
0.5211755625936032,0.001,1.0,0,14,0.8918755662941712,0
0.5211753940345929,0.0,1.0,0,18,0.8918755662941712,0
0.5211709918988662,0.0,1.0,0,20,0.8918755662941712,0
0.5211673655153508,0.001,1.0,0,16,0.8918755662941712,0
0.5211665617727442,0.003,1.0,0,11,0.8918755662941712,0
0.5211591356379404,0.039,0.0,0,3,0.8918755662941712,0
0.5211555261788761,0.0,1.0,0,21,0.8918755662941712,0
0.5211545125400704,0.001,1.0,0,15,0.8918755662941712,0
0.5211510425598525,0.002,1.0,0,13,0.8918755662941712,0
0.5211454570839785,0.038,0.0,0,4,0.8918755662941712,0
0.5211445642829821,0.003,1.0,0,10,0.8918755662941712,0
0.5211445592466576,0.079,0.0,0,2,0.8918755662941712,0
0.5211410135985363,0.006999999999999999,0.0,0,9,0.8918755662941712,0
0.5211409657183342,0.002,1.0,0,12,0.8918755662941712,0
0.5211405331654007,0.012,0.0,0,7,0.8918755662941712,0
0.5211404708324024,0.095,0.0,0,1,0.8918755662941712,0
0.5211380897213989,0.0,1.0,0,19,0.8918755662941712,0
0.5211380896323837,0.026000000000000002,0.0,0,5,0.8918755662941712,0
0.5211380895657107,0.017,0.0,0,6,0.8918755662941712,0
0.5211380894100908,0.01,0.0,0,8,0.8918755662941712,0
rank_index,time,class,failures,ranking,nfpa,failure_metric
0.5211752090059873,0.0,1.0,0,19,0.857142857142857,0
0.5211751696926331,0.001,1.0,0,18,0.857142857142857,0
0.5211671431560799,0.001,1.0,0,14,0.857142857142857,0
0.5211666702494316,0.004,1.0,0,12,0.857142857142857,0
0.5211589294458958,0.052000000000000005,0.0,0,4,0.857142857142857,0
0.5211553401771201,0.001,1.0,0,16,0.857142857142857,0
0.5211543228941691,0.002,1.0,0,13,0.857142857142857,0
0.5211508833332256,0.001,1.0,0,17,0.857142857142857,0
0.5211469818971933,0.07400000000000001,0.0,0,3,0.857142857142857,0
0.5211453572605874,0.037000000000000005,0.0,0,5,0.857142857142857,0
0.521144475251195,0.078,0.0,0,2,0.857142857142857,0
0.521144474786497,0.006999999999999999,0.0,0,11,0.857142857142857,0
0.5211409711473332,0.008,0.0,0,10,0.857142857142857,0
0.5211409695768098,0.001,1.0,0,15,0.857142857142857,0
0.5211404963622974,0.012,0.0,0,9,0.857142857142857,0
0.5211404295954535,0.085,0.0,0,1,0.857142857142857,0
0.5211380897098677,0.0,1.0,0,20,0.857142857142857,0
0.5211380896228611,0.031,0.0,0,6,0.857142857142857,0
0.5211380895686476,0.018000000000000002,0.0,0,8,0.857142857142857,0
0.5211380894038787,0.02,0.0,0,7,0.857142857142857,0
rank_index,time,class,failures,ranking,nfpa,failure_metric
0.5211800510415394,0.0,1.0,0,20,0.9072463768115944,0
0.5211754759425015,0.0,1.0,0,16,0.9072463768115944,0
0.5211754411727382,0.0,1.0,0,19,0.9072463768115944,0
0.5211708901135824,0.0,1.0,0,22,0.9072463768115944,0
0.5211689470336985,0.002,1.0,0,13,0.9072463768115944,0
0.5211674153395344,0.001,1.0,0,15,0.9072463768115944,0
0.5211623535640997,0.002,1.0,0,11,0.9072463768115944,0
0.5211591755767486,0.049,0.0,0,3,0.9072463768115944,0
0.5211555674702208,0.0,1.0,0,21,0.9072463768115944,0
0.5211533665914426,0.001,1.0,0,14,0.9072463768115944,0
0.5211510771367439,0.0,1.0,0,17,0.9072463768115944,0
0.5211445834706637,0.006999999999999999,0.0,0,9,0.9072463768115944,0
0.5211445808740952,0.11199999999999999,0.0,0,1,0.9072463768115944,0
0.5211432940960741,0.034,0.0,0,5,0.9072463768115944,0
0.5211410227493052,0.004,1.0,0,10,0.9072463768115944,0
0.5211410220164876,0.002,1.0,0,12,0.9072463768115944,0
0.5211408091871043,0.012,0.0,0,8,0.9072463768115944,0
0.5211402678473186,0.098,0.0,0,2,0.9072463768115944,0
0.5211380972075149,0.0,1.0,0,18,0.9072463768115944,0
0.52113808963463,0.035,0.0,0,4,0.9072463768115944,0
0.5211380895798289,0.016,0.0,0,6,0.9072463768115944,0
0.5211380894436793,0.013999999999999999,0.0,0,7,0.9072463768115944,0
rank_index,time,class,failures,ranking,nfpa,failure_metric
0.5211752042433253,0.001,1.0,0,15,0.8700806069227124,0
0.5211666986825996,0.004,1.0,0,12,0.8700806069227124,0
0.5211613403820047,0.002,1.0,0,13,0.8700806069227124,0
0.5211589472853382,0.043,0.0,0,4,0.8700806069227124,0
0.5211553632812709,0.0,1.0,0,18,0.8700806069227124,0
0.5211543514784789,0.002,1.0,0,14,0.8700806069227124,0
0.5211509059885022,0.0,1.0,0,16,0.8700806069227124,0
0.5211453711505609,0.037000000000000005,0.0,0,5,0.8700806069227124,0
0.52114448405299,0.006,0.0,0,10,0.8700806069227124,0
0.5211444698573542,0.092,0.0,0,1,0.8700806069227124,0
0.5211409770328612,0.006999999999999999,0.0,0,9,0.8700806069227124,0
0.5211409746320921,0.004,1.0,0,11,0.8700806069227124,0
0.5211405004804203,0.011000000000000001,0.0,0,8,0.8700806069227124,0
0.521140433317096,0.085,0.0,0,2,0.8700806069227124,0
0.5211380897113187,0.0,1.0,0,17,0.8700806069227124,0
0.5211380896235018,0.044000000000000004,0.0,0,3,0.8700806069227124,0
0.5211380895700275,0.02,0.0,0,6,0.8700806069227124,0
0.5211380892126861,0.016,0.0,0,7,0.8700806069227124,0
rank_index,time,class,failures,ranking,nfpa,failure_metric
0.5211804247430103,0.0,1.0,0,17,0.9046113306982873,0
0.5211760065480535,0.0,1.0,0,19,0.9046113306982873,0
0.5211758237438231,0.0,1.0,0,21,0.9046113306982873,0
0.5211713389079967,0.0,1.0,0,18,0.9046113306982873,0
0.5211679914158523,0.001,1.0,0,15,0.9046113306982873,0
0.5211665817011157,0.002,1.0,0,13,0.9046113306982873,0
0.5211619768059017,0.001,1.0,0,16,0.9046113306982873,0
0.5211595601977607,0.049,0.0,0,4,0.9046113306982873,0
0.5211559177324585,0.0,1.0,0,20,0.9046113306982873,0
0.5211548790089251,0.002,1.0,0,14,0.9046113306982873,0
0.5211513591975354,0.002,1.0,0,12,0.9046113306982873,0
0.5211447452461458,0.006999999999999999,0.0,0,9,0.9046113306982873,0
0.5211447370608172,0.125,0.0,0,1,0.9046113306982873,0
0.5211434023639729,0.037000000000000005,0.0,0,5,0.9046113306982873,0
0.5211411014159752,0.004,1.0,0,10,0.9046113306982873,0
0.5211409701413837,0.003,1.0,0,11,0.9046113306982873,0
0.5211406067491351,0.01,0.0,0,8,0.9046113306982873,0
0.521140538939273,0.083,0.0,0,2,0.9046113306982873,0
0.5211380897444887,0.0,1.0,0,22,0.9046113306982873,0
0.5211380896517737,0.052000000000000005,0.0,0,3,0.9046113306982873,0
0.5211380895675515,0.015,0.0,0,6,0.9046113306982873,0
0.5211380892228328,0.013000000000000001,0.0,0,7,0.9046113306982873,0
rank_index,time,class,failures,ranking,nfpa,failure_metric
0.5211752015773932,0.001,1.0,0,13,0.84593837535014,0
0.5211613359313981,0.001,1.0,0,15,0.84593837535014,0
0.5211589506090514,0.037000000000000005,0.0,0,3,0.84593837535014,0
0.521155361049219,0.0,1.0,0,16,0.84593837535014,0
0.521154349849945,0.002,1.0,0,11,0.84593837535014,0
0.5211509013482721,0.001,1.0,0,14,0.84593837535014,0
0.5211453705887733,0.03,0.0,0,4,0.84593837535014,0
0.5211444834203225,0.004,1.0,0,10,0.84593837535014,0
0.5211444611555367,0.08199999999999999,0.0,0,1,0.84593837535014,0
0.5211409770756062,0.006,0.0,0,9,0.84593837535014,0
0.5211409745428881,0.002,1.0,0,12,0.84593837535014,0
0.521140501151392,0.01,0.0,0,8,0.84593837535014,0
0.5211404358831824,0.066,0.0,0,2,0.84593837535014,0
0.5211380903354119,0.0,1.0,0,17,0.84593837535014,0
0.5211380896226662,0.021,0.0,0,5,0.84593837535014,0
0.5211380895699784,0.016,0.0,0,6,0.84593837535014,0
0.5211380892126615,0.015,0.0,0,7,0.84593837535014,0
rank_index,time,class,failures,ranking,nfpa,failure_metric
0.5211753101305041,0.001,1.0,0,13,0.81981981981982,0
0.521166965301076,0.004,1.0,0,10,0.81981981981982,0
0.5211614571957732,0.004,1.0,0,9,0.81981981981982,0
0.5211590652774211,0.042,0.0,0,2,0.81981981981982,0
0.5211554563016141,0.0,1.0,0,18,0.81981981981982,0
0.5211544425616742,0.002,1.0,0,11,0.81981981981982,0
0.5211509832172064,0.001,1.0,0,14,0.81981981981982,0
0.5211453122953508,0.02,0.0,0,5,0.81981981981982,0
0.5211445331457321,0.006,0.0,0,8,0.81981981981982,0
0.5211445285646685,0.018000000000000002,0.0,0,6,0.81981981981982,0
0.5211409978572606,0.0,1.0,0,16,0.81981981981982,0
0.5211409968170219,0.002,1.0,0,12,0.81981981981982,0
0.5211405192004378,0.001,1.0,0,15,0.81981981981982,0
0.5211404574016637,0.086,0.0,0,1,0.81981981981982,0
0.5211380897171847,0.0,1.0,0,17,0.81981981981982,0
0.5211380896291757,0.033,0.0,0,3,0.81981981981982,0
0.5211380895744694,0.02,0.0,0,4,0.81981981981982,0
0.5211380892144407,0.016,0.0,0,7,0.81981981981982,0
rank_index,time,class,failures,ranking,nfpa,failure_metric
0.5211759731036918,0.0,1.0,0,15,0.8700404858299593,0
0.5211755415463607,0.0,1.0,0,16,0.8700404858299593,0
0.521167949411227,0.001,1.0,0,13,0.8700404858299593,0
0.5211665598644334,0.002,1.0,0,12,0.8700404858299593,0
0.521159287201026,0.047,0.0,0,3,0.8700404858299593,0
0.5211556605799231,0.0,1.0,0,19,0.8700404858299593,0
0.521154635980479,0.001,1.0,0,14,0.8700404858299593,0
0.5211511508999133,0.0,1.0,0,17,0.8700404858299593,0
0.5211455390639642,0.03,0.0,0,5,0.8700404858299593,0
0.5211446572939813,0.078,0.0,0,1,0.8700404858299593,0
0.5211446256680601,0.005,0.0,0,10,0.8700404858299593,0
0.5211410452304099,0.006,0.0,0,9,0.8700404858299593,0
0.5211409676475427,0.002,1.0,0,11,0.8700404858299593,0
0.5211405602855109,0.008,0.0,0,8,0.8700404858299593,0
0.5211404915492936,0.062,0.0,0,2,0.8700404858299593,0
0.5211380897291599,0.0,1.0,0,18,0.8700404858299593,0
0.5211380896393121,0.036000000000000004,0.0,0,4,0.8700404858299593,0
0.5211380895670914,0.011000000000000001,0.0,0,7,0.8700404858299593,0
0.5211380892180935,0.015,0.0,0,6,0.8700404858299593,0
rank_index,time,class,failures,ranking,nfpa,failure_metric
0.5211751765568233,0.0,1.0,0,12,0.8615457562825983,0
0.5211671400559071,0.001,1.0,0,9,0.8615457562825983,0
0.5211666751176071,0.004,1.0,0,4,0.8615457562825983,0
0.521158921610907,0.004,1.0,0,6,0.8615457562825983,0
0.5211553394489387,0.0,1.0,0,18,0.8615457562825983,0
0.5211543282414224,0.0,1.0,0,17,0.8615457562825983,0
0.5211508857616258,0.001,1.0,0,11,0.8615457562825983,0
0.5211453625020182,0.0,1.0,0,15,0.8615457562825983,0
0.5211444750504055,0.0,1.0,0,14,0.8615457562825983,0
0.5211444746060796,0.002,1.0,0,8,0.8615457562825983,0
0.5211409717276507,0.001,1.0,0,10,0.8615457562825983,0
0.5211409699328117,0.0,1.0,0,13,0.8615457562825983,0
0.5211404971268039,0.003,1.0,0,7,0.8615457562825983,0
0.521140436070091,0.004,1.0,0,5,0.8615457562825983,0
0.5211380897100164,0.0,1.0,0,16,0.8615457562825983,0
0.5211380896223192,0.045,0.0,0,1,0.8615457562825983,0
0.5211380895690793,0.019,0.0,0,2,0.8615457562825983,0
0.5211380892122407,0.018000000000000002,0.0,0,3,0.8615457562825983,0
rank_index,time,class,failures,ranking,nfpa,failure_metric
0.5211753759914526,0.001,1.0,0,13,0.8505226480836237,0
0.5211752204167364,0.0,1.0,0,20,0.8505226480836237,0
0.5211667150143835,0.002,1.0,0,12,0.8505226480836237,0
0.521161965503206,0.001,1.0,0,16,0.8505226480836237,0
0.5211590219190985,0.057,0.0,0,3,0.8505226480836237,0
0.5211553830317034,0.0,1.0,0,18,0.8505226480836237,0
0.5211543691112319,0.002,1.0,0,11,0.8505226480836237,0
0.5211509192889594,0.001,1.0,0,15,0.8505226480836237,0
0.5211454018396107,0.02,0.0,0,6,0.8505226480836237,0
0.5211445325852879,0.12,0.0,0,1,0.8505226480836237,0
0.5211444971847569,0.008,0.0,0,9,0.8505226480836237,0
0.5211409818026734,0.0,1.0,0,17,0.8505226480836237,0
0.5211409790157955,0.004,1.0,0,10,0.8505226480836237,0
0.5211405061602477,0.013000000000000001,0.0,0,7,0.8505226480836237,0
0.5211404560784211,0.08199999999999999,0.0,0,2,0.8505226480836237,0
0.5211401503014597,0.001,1.0,0,14,0.8505226480836237,0
0.5211380897125663,0.0,1.0,0,19,0.8505226480836237,0
0.5211380896238587,0.055999999999999994,0.0,0,4,0.8505226480836237,0
0.5211380895705519,0.012,0.0,0,8,0.8505226480836237,0
0.5211380892129522,0.027999999999999997,0.0,0,5,0.8505226480836237,0
rank_index,time,class,failures,ranking,nfpa,failure_metric
0.5211752516381483,0.0,1.0,0,17,0.8651567944250872,0
0.521175216771596,0.0,1.0,0,19,0.8651567944250872,0
0.5211667156233494,0.002,1.0,0,15,0.8651567944250872,0
0.5211613617200773,0.002,1.0,0,12,0.8651567944250872,0
0.5211589538173994,0.043,0.0,0,3,0.8651567944250872,0
0.5211553745690578,0.001,1.0,0,16,0.8651567944250872,0
0.5211543613424765,0.002,1.0,0,14,0.8651567944250872,0
0.5211509166634811,0.0,1.0,0,18,0.8651567944250872,0
0.5211453869125965,0.037000000000000005,0.0,0,4,0.8651567944250872,0
0.5211444899653833,0.006,0.0,0,10,0.8651567944250872,0
0.5211444687131864,0.08199999999999999,0.0,0,1,0.8651567944250872,0
0.521140980815315,0.006999999999999999,0.0,0,9,0.8651567944250872,0
0.5211409771604234,0.002,1.0,0,13,0.8651567944250872,0
0.5211405029563142,0.015,0.0,0,8,0.8651567944250872,0
0.5211404381541888,0.068,0.0,0,2,0.8651567944250872,0
0.5211401013522009,0.002,1.0,0,11,0.8651567944250872,0
0.5211380897120841,0.0,1.0,0,20,0.8651567944250872,0
0.5211380896230128,0.03,0.0,0,5,0.8651567944250872,0
0.5211380895708857,0.017,0.0,0,6,0.8651567944250872,0
0.5211380892126218,0.016,0.0,0,7,0.8651567944250872,0
rank_index,time,class,failures,ranking,nfpa,failure_metric
0.5211753390289054,0.0,1.0,0,15,0.8425770308123249,0
0.5211614725950164,0.004,1.0,0,11,0.8425770308123249,0
0.5211590836413956,0.036000000000000004,0.0,0,4,0.8425770308123249,0
0.5211554803344491,0.0,1.0,0,14,0.8425770308123249,0
0.5211544663634494,0.0,1.0,0,13,0.8425770308123249,0
0.5211510015086666,0.0,1.0,0,16,0.8425770308123249,0
0.5211454326840236,0.037000000000000005,0.0,0,3,0.8425770308123249,0
0.5211445399904838,0.005,0.0,0,9,0.8425770308123249,0
0.5211445397273409,0.071,0.0,0,1,0.8425770308123249,0
0.5211410023603537,0.004,1.0,0,10,0.8425770308123249,0
0.5211409780867551,0.002,1.0,0,12,0.8425770308123249,0
0.5211405227409822,0.008,0.0,0,8,0.8425770308123249,0
0.521140461652377,0.065,0.0,0,2,0.8425770308123249,0
0.5211380906175751,0.0,1.0,0,17,0.8425770308123249,0
0.5211380896299874,0.028999999999999998,0.0,0,5,0.8425770308123249,0
0.5211380895694248,0.017,0.0,0,6,0.8425770308123249,0
0.5211380892147873,0.013000000000000001,0.0,0,7,0.8425770308123249,0
rank_index,time,class,failures,ranking,nfpa,failure_metric
0.5211755521149878,0.0,1.0,0,10,0.7979094076655053,0
0.5211752388768824,0.0,1.0,0,11,0.7979094076655053,0
0.5211678441178211,0.001,1.0,0,8,0.7979094076655053,0
0.5211668107506807,0.0,1.0,0,20,0.7979094076655053,0
0.5211589953454092,0.042,0.0,0,3,0.7979094076655053,0
0.5211553935070161,0.0,1.0,0,13,0.7979094076655053,0
0.5211543800505258,0.0,1.0,0,17,0.7979094076655053,0
0.5211509309405652,0.0,1.0,0,14,0.7979094076655053,0
0.5211453881253394,0.035,0.0,0,4,0.7979094076655053,0
0.5211445043056169,0.076,0.0,0,2,0.7979094076655053,0
0.5211445004601923,0.0,1.0,0,19,0.7979094076655053,0
0.5211409837283166,0.006999999999999999,0.0,0,7,0.7979094076655053,0
0.5211409824485805,0.0,1.0,0,15,0.7979094076655053,0
0.5211405075419269,0.012,0.0,0,6,0.7979094076655053,0
0.5211404456537249,0.0,1.0,0,18,0.7979094076655053,0
0.5211401430134603,0.0,1.0,0,9,0.7979094076655053,0
0.5211380906064443,0.0,1.0,0,12,0.7979094076655053,0
0.5211380896253607,0.021,0.0,0,5,0.7979094076655053,0
0.5211380895714313,0.0,1.0,0,16,0.7979094076655053,0
0.5211380892132136,0.154,0.0,0,1,0.7979094076655053,0
rank_index,time,class,failures,ranking,nfpa,failure_metric
0.5211812694491292,0.0,1.0,0,21,0.892490118577075,0
0.5211752125959176,0.001,1.0,0,16,0.892490118577075,0
0.5211751795917476,0.0,1.0,0,18,0.892490118577075,0
0.5211723657599296,0.0,1.0,0,19,0.892490118577075,0
0.5211671423812368,0.001,1.0,0,14,0.892490118577075,0
0.52116667968374,0.003,1.0,0,11,0.892490118577075,0
0.5211614990450473,0.001,1.0,0,15,0.892490118577075,0
0.5211589326399528,0.045,0.0,0,3,0.892490118577075,0
0.5211553415211182,0.0,1.0,0,20,0.892490118577075,0
0.5211543293996461,0.001,1.0,0,17,0.892490118577075,0
0.5211508879613712,0.002,1.0,0,12,0.892490118577075,0
0.5211453598879484,0.037000000000000005,0.0,0,4,0.892490118577075,0
0.5211444790919175,0.006999999999999999,0.0,0,9,0.892490118577075,0
0.5211444745072763,0.081,0.0,0,2,0.892490118577075,0
0.5211409711914525,0.006999999999999999,0.0,0,10,0.892490118577075,0
0.5211409701568072,0.002,1.0,0,13,0.892490118577075,0
0.5211404963637288,0.009000000000000001,0.0,0,8,0.892490118577075,0
0.5211404493875123,0.094,0.0,0,1,0.892490118577075,0
0.5211380905986591,0.0,1.0,0,22,0.892490118577075,0
0.521138089623175,0.03,0.0,0,5,0.892490118577075,0
0.5211380895697714,0.013999999999999999,0.0,0,7,0.892490118577075,0
0.5211380892094587,0.017,0.0,0,6,0.892490118577075,0
rank_index,time,class,failures,ranking,nfpa,failure_metric
0.5211797092767111,0.0,1.0,0,15,0.8848484848484849,0.6363636363636364
0.5211752055072543,0.0,1.0,0,18,0.8848484848484849,0.6363636363636364
0.5211751711986129,0.0,1.0,0,17,0.8848484848484849,0.6363636363636364
0.521170484757664,0.0,1.0,0,16,0.8848484848484849,0.6363636363636364
0.5211671350836886,0.001,1.0,0,12,0.8848484848484849,0.6363636363636364
0.521166666408653,0.001,1.0,0,13,0.8848484848484849,0.6363636363636364
0.5211613115251938,0.003,1.0,0,10,0.8848484848484849,0.6363636363636364
0.5211589235880719,0.040999999999999995,0.0,0,3,0.8848484848484849,0.6363636363636364
0.5211553354313332,0.0,1.0,0,19,0.8848484848484849,0.6363636363636364
0.5211543268824752,0.0,1.0,0,20,0.8848484848484849,0.6363636363636364
0.5211508784258271,0.0,1.0,0,21,0.8848484848484849,0.6363636363636364
0.5211444732027083,0.006999999999999999,0.0,0,8,0.8848484848484849,0.6363636363636364
0.5211444726735591,0.069,0.0,0,2,0.8848484848484849,0.6363636363636364
0.5211434272672034,0.032,2.0,1,22,0.8848484848484849,0.6363636363636364
0.5211409703470448,0.006,0.0,0,9,0.8848484848484849,0.6363636363636364
0.5211409694097829,0.003,1.0,0,11,0.8848484848484849,0.6363636363636364
0.5211404965879682,0.008,0.0,0,7,0.8848484848484849,0.6363636363636364
0.5211404289928855,0.077,0.0,0,1,0.8848484848484849,0.6363636363636364
0.5211380905985961,0.001,1.0,0,14,0.8848484848484849,0.6363636363636364
0.5211380896224493,0.03,0.0,0,4,0.8848484848484849,0.6363636363636364
0.5211380895687281,0.018000000000000002,0.0,0,5,0.8848484848484849,0.6363636363636364
0.521138089212125,0.012,0.0,0,6,0.8848484848484849,0.6363636363636364
rank_index,time,class,failures,ranking,nfpa,failure_metric
0.5211797141226989,0.0,1.0,0,17,0.8922266139657443,0
0.5211752150528396,0.0,1.0,0,18,0.8922266139657443,0
0.5211751784369478,0.0,1.0,0,21,0.8922266139657443,0
0.5211704921029408,0.0,1.0,0,19,0.8922266139657443,0
0.5211671434271358,0.002,1.0,0,12,0.8922266139657443,0
0.5211666747422807,0.002,1.0,0,15,0.8922266139657443,0
0.5211613153513227,0.003,1.0,0,11,0.8922266139657443,0
0.5211589348184941,0.043,0.0,0,3,0.8922266139657443,0
0.5211553420494148,0.0,1.0,0,20,0.8922266139657443,0
0.5211543296700648,0.002,1.0,0,14,0.8922266139657443,0
0.5211508899340083,0.001,1.0,0,16,0.8922266139657443,0
0.5211444796226565,0.077,0.0,0,1,0.8922266139657443,0
0.5211444744748697,0.006,0.0,0,10,0.8922266139657443,0
0.5211409724833952,0.006,0.0,0,9,0.8922266139657443,0
0.5211409699922729,0.002,1.0,0,13,0.8922266139657443,0
0.5211404982186905,0.011000000000000001,0.0,0,8,0.8922266139657443,0
0.5211404335556667,0.069,0.0,0,2,0.8922266139657443,0
0.5211388893321226,0.034,0.0,0,4,0.8922266139657443,0
0.5211380905992771,0.0,1.0,0,22,0.8922266139657443,0
0.5211380896227764,0.032,0.0,0,5,0.8922266139657443,0
0.5211380895689128,0.013999999999999999,0.0,0,7,0.8922266139657443,0
0.5211380892123684,0.019,0.0,0,6,0.8922266139657443,0
rank_index,time,class,failures,ranking,nfpa,failure_metric
0.5211797075669804,0.0,1.0,0,18,0.9061923583662714,0
0.5211752054377211,0.0,1.0,0,21,0.9061923583662714,0
0.5211751720954264,0.0,1.0,0,20,0.9061923583662714,0
0.5211704854535961,0.0,1.0,0,19,0.9061923583662714,0
0.5211671342273742,0.001,1.0,0,14,0.9061923583662714,0
0.5211666659293145,0.004,1.0,0,13,0.9061923583662714,0
0.52116130741599,0.004,1.0,0,11,0.9061923583662714,0
0.521158922418499,0.04,0.0,0,4,0.9061923583662714,0
0.5211553357129485,0.001,1.0,0,15,0.9061923583662714,0
0.5211543245088256,0.001,1.0,0,17,0.9061923583662714,0
0.5211508832744697,0.001,1.0,0,16,0.9061923583662714,0
0.5211444735110028,0.009000000000000001,0.0,0,10,0.9061923583662714,0
0.52114447348967,0.071,0.0,0,2,0.9061923583662714,0
0.5211409700682007,0.009000000000000001,0.0,0,9,0.9061923583662714,0
0.5211409683100052,0.004,1.0,0,12,0.9061923583662714,0
0.5211404955480231,0.013000000000000001,0.0,0,8,0.9061923583662714,0
0.5211404342906463,0.085,0.0,0,1,0.9061923583662714,0
0.5211386996108954,0.043,0.0,0,3,0.9061923583662714,0
0.52113809059873,0.0,1.0,0,22,0.9061923583662714,0
0.5211380896222373,0.018000000000000002,0.0,0,6,0.9061923583662714,0
0.5211380895687672,0.017,0.0,0,7,0.9061923583662714,0
0.5211380892120793,0.024,0.0,0,5,0.9061923583662714,0
rank_index,time,class,failures,ranking,nfpa,failure_metric
0.5211797130064079,0.0,1.0,0,19,0.8866930171277999,0
0.5211752133507472,0.001,1.0,0,15,0.8866930171277999,0
0.5211751790057231,0.0,1.0,0,17,0.8866930171277999,0
0.5211704915698714,0.0,1.0,0,18,0.8866930171277999,0
0.5211671417157048,0.001,1.0,0,14,0.8866930171277999,0
0.5211666725689484,0.002,1.0,0,13,0.8866930171277999,0
0.5211613139563438,0.002,1.0,0,11,0.8866930171277999,0
0.5211589355031521,0.039,0.0,0,4,0.8866930171277999,0
0.5211553395225711,0.0,1.0,0,20,0.8866930171277999,0
0.5211543300680732,0.001,1.0,0,16,0.8866930171277999,0
0.5211508857493053,0.0,1.0,0,22,0.8866930171277999,0
0.5211444799127389,0.079,0.0,0,1,0.8866930171277999,0
0.5211444749789986,0.006,0.0,0,10,0.8866930171277999,0
0.5211409711744075,0.006999999999999999,0.0,0,9,0.8866930171277999,0
0.5211409698713015,0.002,1.0,0,12,0.8866930171277999,0
0.5211404967701988,0.01,0.0,0,8,0.8866930171277999,0
0.5211404324946133,0.07400000000000001,0.0,0,2,0.8866930171277999,0
0.5211381799855739,0.045,0.0,0,3,0.8866930171277999,0
0.5211380905990979,0.0,1.0,0,21,0.8866930171277999,0
0.5211380896233936,0.023,0.0,0,5,0.8866930171277999,0
0.5211380895688357,0.017,0.0,0,6,0.8866930171277999,0
0.5211380892120472,0.016,0.0,0,7,0.8866930171277999,0
rank_index,time,class,failures,ranking,nfpa,failure_metric
0.5211796995961675,0.0,1.0,0,16,0.8766798418972331,0
0.5211751964303558,0.0,1.0,0,18,0.8766798418972331,0
0.5211751622438522,0.0,1.0,0,17,0.8766798418972331,0
0.5211704753681411,0.0,1.0,0,15,0.8766798418972331,0
0.5211671256380519,0.002,1.0,0,12,0.8766798418972331,0
0.5211666614287188,0.002,1.0,0,13,0.8766798418972331,0
0.5211613002396586,0.003,1.0,0,10,0.8766798418972331,0
0.5211589189868505,0.04,0.0,0,4,0.8766798418972331,0
0.5211553271619109,0.0,1.0,0,19,0.8766798418972331,0
0.5211543160740812,0.0,1.0,0,20,0.8766798418972331,0
0.5211508759119328,0.0,1.0,0,22,0.8766798418972331,0
0.5211444690859826,0.003,1.0,0,11,0.8766798418972331,0
0.5211444681761961,0.08800000000000001,0.0,0,1,0.8766798418972331,0
0.5211409680803678,0.006,0.0,0,9,0.8766798418972331,0
0.5211409669441947,0.001,1.0,0,14,0.8766798418972331,0
0.521140495053397,0.009000000000000001,0.0,0,8,0.8766798418972331,0
0.5211404316647884,0.075,0.0,0,2,0.8766798418972331,0
0.521138170789258,0.043,0.0,0,3,0.8766798418972331,0
0.5211380905973273,0.0,1.0,0,21,0.8766798418972331,0
0.5211380896223394,0.036000000000000004,0.0,0,5,0.8766798418972331,0
0.5211380895683521,0.013999999999999999,0.0,0,6,0.8766798418972331,0
0.5211380892119671,0.013000000000000001,0.0,0,7,0.8766798418972331,0
rank_index,time,class,failures,ranking,nfpa,failure_metric
0.5211751744727315,0.0,1.0,0,14,0.889521100047416,0
0.5211671371890925,0.001,1.0,0,12,0.889521100047416,0
0.5211666716357934,0.005,0.0,0,6,0.889521100047416,0
0.5211589327770665,0.002,1.0,0,10,0.889521100047416,0
0.5211553371980487,0.0,1.0,0,15,0.889521100047416,0
0.5211543259235012,0.0,1.0,0,17,0.889521100047416,0
0.5211508846654106,0.0,1.0,0,18,0.889521100047416,0
0.5211453562092433,0.004,1.0,0,8,0.889521100047416,0
0.5211444760122012,0.001,1.0,0,13,0.889521100047416,0
0.5211444711655825,0.075,0.0,0,2,0.889521100047416,0
0.5211409708344621,0.003,1.0,0,9,0.889521100047416,0
0.5211409702208629,0.001,1.0,0,11,0.889521100047416,0
0.5211404971230682,0.011000000000000001,0.0,0,5,0.889521100047416,0
0.5211404332534268,0.005,0.0,0,7,0.889521100047416,0
0.5211380905989331,0.0,1.0,0,16,0.889521100047416,0
0.5211380896222855,0.091,0.0,0,1,0.889521100047416,0
0.5211380895687718,0.028999999999999998,0.0,0,3,0.889521100047416,0
0.5211380892122597,0.023,0.0,0,4,0.889521100047416,0
rank_index,time,class,failures,ranking,nfpa,failure_metric
0.5211751812110127,0.0,1.0,0,16,0.8453781512605043,0
0.5211614339196949,0.003,1.0,0,11,0.8453781512605043,0
0.5211589850327059,0.037000000000000005,0.0,0,3,0.8453781512605043,0
0.5211553452005827,0.0,1.0,0,15,0.8453781512605043,0
0.521154339688813,0.0,1.0,0,13,0.8453781512605043,0
0.5211508951988078,0.0,1.0,0,14,0.8453781512605043,0
0.521145381661515,0.027999999999999997,0.0,0,4,0.8453781512605043,0
0.5211444795639467,0.005,0.0,0,10,0.8453781512605043,0
0.521144478957165,0.07200000000000001,0.0,0,1,0.8453781512605043,0
0.5211409741779331,0.005,0.0,0,9,0.8453781512605043,0
0.5211409706153074,0.001,1.0,0,12,0.8453781512605043,0
0.5211404977454225,0.008,0.0,0,8,0.8453781512605043,0
0.5211404495794419,0.061,0.0,0,2,0.8453781512605043,0
0.5211380905996063,0.0,1.0,0,17,0.8453781512605043,0
0.5211380896195955,0.025,0.0,0,5,0.8453781512605043,0
0.5211380895686802,0.015,0.0,0,6,0.8453781512605043,0
0.5211380892121802,0.013000000000000001,0.0,0,7,0.8453781512605043,0
rank_index,time,class,failures,ranking,nfpa,failure_metric
0.5211754622730469,0.0,1.0,0,18,0.8735191637630663,0
0.5211751914359416,0.001,1.0,0,14,0.8735191637630663,0
0.5211672858788694,0.001,1.0,0,15,0.8735191637630663,0
0.5211668139051017,0.006,0.0,0,10,0.8735191637630663,0
0.5211613290649014,0.003,1.0,0,13,0.8735191637630663,0
0.5211589493087389,0.043,0.0,0,5,0.8735191637630663,0
0.5211553486558332,0.0,1.0,0,19,0.8735191637630663,0
0.5211543390389444,0.001,1.0,0,16,0.8735191637630663,0
0.5211508936743561,0.001,1.0,0,17,0.8735191637630663,0
0.5211453679687335,0.051,0.0,0,4,0.8735191637630663,0
0.5211444819413465,0.08,0.0,0,1,0.8735191637630663,0
0.5211444814907266,0.006,0.0,0,11,0.8735191637630663,0
0.5211409731971787,0.012,0.0,0,9,0.8735191637630663,0
0.5211409724017788,0.005,0.0,0,12,0.8735191637630663,0
0.5211404991659617,0.012,0.0,0,8,0.8735191637630663,0
0.5211404382560144,0.07200000000000001,0.0,0,2,0.8735191637630663,0
0.5211380906004042,0.0,1.0,0,20,0.8735191637630663,0
0.5211380896234211,0.018000000000000002,0.0,0,7,0.8735191637630663,0
0.5211380895457938,0.07,0.0,0,3,0.8735191637630663,0
0.5211380892124872,0.019,0.0,0,6,0.8735191637630663,0
rank_index,time,class,failures,ranking,nfpa,failure_metric
0.5211751820233873,0.0,1.0,0,17,0.836415362731152,0
0.5211613187792226,0.003,1.0,0,11,0.836415362731152,0
0.5211589375658312,0.05,0.0,0,3,0.836415362731152,0
0.5211553502190507,0.0,1.0,0,15,0.836415362731152,0
0.5211543382180437,0.01,0.0,0,8,0.836415362731152,0
0.5211535677874347,0.0,1.0,0,18,0.836415362731152,0
0.521150893224052,0.001,1.0,0,13,0.836415362731152,0
0.5211453575571836,0.038,0.0,0,4,0.836415362731152,0
0.5211444794428889,0.005,0.0,0,10,0.836415362731152,0
0.5211444791523242,0.076,0.0,0,2,0.836415362731152,0
0.5211409722161705,0.008,0.0,0,9,0.836415362731152,0
0.5211409712512779,0.0,1.0,0,16,0.836415362731152,0
0.5211404981867553,0.013999999999999999,0.0,0,7,0.836415362731152,0
0.5211404363760053,0.08,0.0,0,1,0.836415362731152,0
0.5211380906005262,0.0,1.0,0,14,0.836415362731152,0
0.5211380896238964,0.025,0.0,0,6,0.836415362731152,0
0.5211380895665196,0.001,1.0,0,12,0.836415362731152,0
0.5211380892122852,0.028999999999999998,0.0,0,5,0.836415362731152,0
rank_index,time,class,failures,ranking,nfpa,failure_metric
0.5211801886832029,0.0,1.0,0,20,0.8961038961038961,0
0.5211753837376579,0.0,1.0,0,14,0.8961038961038961,0
0.5211752170313235,0.0,1.0,0,19,0.8961038961038961,0
0.5211710589093171,0.0,1.0,0,15,0.8961038961038961,0
0.5211673197289886,0.001,1.0,0,12,0.8961038961038961,0
0.5211667204464241,0.001,1.0,0,13,0.8961038961038961,0
0.5211589604192557,0.045,0.0,0,3,0.8961038961038961,0
0.5211553736170513,0.0,1.0,0,21,0.8961038961038961,0
0.5211543509594841,0.0,1.0,0,17,0.8961038961038961,0
0.521150914854457,0.0,1.0,0,18,0.8961038961038961,0
0.5211453763908571,0.033,0.0,0,4,0.8961038961038961,0
0.5211444927566383,0.077,0.0,0,1,0.8961038961038961,0
0.5211444908152676,0.006999999999999999,0.0,0,9,0.8961038961038961,0
0.5211409786477627,0.006,0.0,0,10,0.8961038961038961,0
0.5211409781333507,0.003,1.0,0,11,0.8961038961038961,0
0.5211405033913994,0.009000000000000001,0.0,0,8,0.8961038961038961,0
0.5211404388603358,0.069,0.0,0,2,0.8961038961038961,0
0.521138090603832,0.0,1.0,0,16,0.8961038961038961,0
0.5211380896246942,0.027000000000000003,0.0,0,5,0.8961038961038961,0
0.5211380895713174,0.022000000000000002,0.0,0,6,0.8961038961038961,0
0.5211380892125781,0.015,0.0,0,7,0.8961038961038961,0
rank_index,time,class,failures,ranking,nfpa,failure_metric
0.5211751676417818,0.0,1.0,0,15,0.8638655462184874,0
0.5211614634002713,0.002,1.0,0,12,0.8638655462184874,0
0.5211589188393703,0.037000000000000005,0.0,0,3,0.8638655462184874,0
0.5211553315134625,0.0,1.0,0,16,0.8638655462184874,0
0.5211543199032266,0.0,1.0,0,17,0.8638655462184874,0
0.5211508809620802,0.001,1.0,0,13,0.8638655462184874,0
0.5211453575663828,0.03,0.0,0,4,0.8638655462184874,0
0.5211444719175371,0.006999999999999999,0.0,0,9,0.8638655462184874,0
0.5211444717435422,0.068,0.0,0,1,0.8638655462184874,0
0.5211409697471852,0.004,1.0,0,10,0.8638655462184874,0
0.5211409677352026,0.003,1.0,0,11,0.8638655462184874,0
0.5211404954104614,0.008,0.0,0,8,0.8638655462184874,0
0.5211404334261565,0.063,0.0,0,2,0.8638655462184874,0
0.5211380905978277,0.0,1.0,0,14,0.8638655462184874,0
0.5211380896223401,0.028999999999999998,0.0,0,5,0.8638655462184874,0
0.5211380895681376,0.015,0.0,0,7,0.8638655462184874,0
0.5211380892121369,0.015,0.0,0,6,0.8638655462184874,0
rank_index,time,class,failures,ranking,nfpa,failure_metric
0.5211752185098987,0.0,1.0,0,15,0.8515406162464987,0
0.5211668323452467,0.002,1.0,0,11,0.8515406162464987,0
0.5211589722265642,0.045,0.0,0,4,0.8515406162464987,0
0.5211555985620832,0.001,1.0,0,12,0.8515406162464987,0
0.5211553771623918,0.0,1.0,0,14,0.8515406162464987,0
0.5211509114954903,0.0,1.0,0,17,0.8515406162464987,0
0.5211457461721787,0.008,0.0,0,9,0.8515406162464987,0
0.5211453806795321,0.046,0.0,0,3,0.8515406162464987,0
0.5211444944643951,0.083,0.0,0,2,0.8515406162464987,0
0.5211412702782819,0.001,1.0,0,13,0.8515406162464987,0
0.5211412702560898,0.006999999999999999,0.0,0,10,0.8515406162464987,0
0.5211405040746236,0.01,0.0,0,8,0.8515406162464987,0
0.5211404425285726,0.087,0.0,0,1,0.8515406162464987,0
0.5211380906033637,0.0,1.0,0,16,0.8515406162464987,0
0.5211380896328852,0.016,0.0,0,7,0.8515406162464987,0
0.5211380896244305,0.03,0.0,0,5,0.8515406162464987,0
0.521138089212775,0.019,0.0,0,6,0.8515406162464987,0
rank_index,time,class,failures,ranking,nfpa,failure_metric
0.5211838642724884,0.0,1.0,0,14,0.8494449583718777,0
0.5211800400934951,0.0,1.0,0,16,0.8494449583718777,0
0.5211755754490236,0.0,1.0,0,15,0.8494449583718777,0
0.521175272631601,0.0,1.0,0,20,0.8494449583718777,0
0.5211708744272762,0.0,1.0,0,17,0.8494449583718777,0
0.5211675255129111,0.002,1.0,0,10,0.8494449583718777,0
0.5211667780612211,0.001,1.0,0,13,0.8494449583718777,0
0.5211615721294574,0.002,1.0,0,11,0.8494449583718777,0
0.521159022947403,0.040999999999999995,0.0,0,3,0.8494449583718777,0
0.5211554237443369,0.0,1.0,0,19,0.8494449583718777,0
0.5211544114948137,0.0,1.0,0,18,0.8494449583718777,0
0.5211509582839576,0.0,1.0,0,21,0.8494449583718777,0
0.5211453989792096,0.035,0.0,0,4,0.8494449583718777,0
0.5211445126356621,0.002,1.0,0,12,0.8494449583718777,0
0.5211445125618398,0.068,0.0,0,1,0.8494449583718777,0
0.5211409912466629,0.006999999999999999,0.0,0,9,0.8494449583718777,0
0.5211409890189229,0.0,1.0,0,23,0.8494449583718777,0
0.5211405127800487,0.009000000000000001,0.0,0,8,0.8494449583718777,0
0.5211404476251893,0.066,0.0,0,2,0.8494449583718777,0
0.5211380906101784,0.0,1.0,0,22,0.8494449583718777,0
0.5211380896271284,0.019,0.0,0,5,0.8494449583718777,0
0.5211380895729844,0.017,0.0,0,7,0.8494449583718777,0
0.5211380892137634,0.017,0.0,0,6,0.8494449583718777,0
rank_index,time,class,failures,ranking,nfpa,failure_metric
0.5211751718687586,0.001,1.0,0,15,0.8627450980392156,0
0.5211671302278656,0.013000000000000001,0.0,0,8,0.8627450980392156,0
0.5211666676635403,0.004,1.0,0,11,0.8627450980392156,0
0.5211589275571211,0.064,0.0,0,3,0.8627450980392156,0
0.5211553376364997,0.001,1.0,0,14,0.8627450980392156,0
0.5211543268310154,0.001,1.0,0,13,0.8627450980392156,0
0.5211508832516715,0.0,1.0,0,17,0.8627450980392156,0
0.5211453587033216,0.043,0.0,0,4,0.8627450980392156,0
0.5211444759713075,0.006999999999999999,0.0,0,10,0.8627450980392156,0
0.5211409703467039,0.01,0.0,0,9,0.8627450980392156,0
0.5211409700699182,0.004,1.0,0,12,0.8627450980392156,0
0.5211404965041836,0.017,0.0,0,7,0.8627450980392156,0
0.5211404347819047,0.077,0.0,0,2,0.8627450980392156,0
0.5211380905986003,0.001,1.0,0,16,0.8627450980392156,0
0.5211380895687697,0.022000000000000002,0.0,0,5,0.8627450980392156,0
0.5211380894870659,0.085,0.0,0,1,0.8627450980392156,0
0.5211380892121328,0.018000000000000002,0.0,0,6,0.8627450980392156,0
rank_index,time,class,failures,ranking,nfpa,failure_metric
0.5211508928301182,0.0,1.0,0,7,0.8039215686274509,0
0.5211453576592566,0.046,0.0,0,2,0.8039215686274509,0
0.5211445297478579,0.094,0.0,0,1,0.8039215686274509,0
0.5211409717211531,0.009000000000000001,0.0,0,6,0.8039215686274509,0
0.5211409706013974,0.0,1.0,0,8,0.8039215686274509,0
0.5211404970819875,0.016,0.0,0,5,0.8039215686274509,0
0.5211380895687844,0.018000000000000002,0.0,0,4,0.8039215686274509,0
0.5211380892123026,0.018000000000000002,0.0,0,3,0.8039215686274509,0
rank_index,time,class,failures,ranking,nfpa,failure_metric
0.5211592717343801,0.04,0.0,0,2,0.8275862068965516,0
0.5211556685302294,0.0,1.0,0,13,0.8275862068965516,0
0.5211546462601492,0.002,1.0,0,11,0.8275862068965516,0
0.5211510685987095,0.001,1.0,0,12,0.8275862068965516,0
0.521145291674195,0.035,0.0,0,3,0.8275862068965516,0
0.5211431545038125,0.006,0.0,0,9,0.8275862068965516,0
0.5211410208619919,0.008,0.0,0,8,0.8275862068965516,0
0.5211410206175022,0.002,1.0,0,10,0.8275862068965516,0
0.521140537399227,0.011000000000000001,0.0,0,7,0.8275862068965516,0
0.5211404947435186,0.066,0.0,0,1,0.8275862068965516,0
0.5211380906428065,0.0,1.0,0,14,0.8275862068965516,0
0.5211380896368016,0.011000000000000001,0.0,0,6,0.8275862068965516,0
0.5211380895696386,0.021,0.0,0,4,0.8275862068965516,0
0.5211380892162717,0.012,0.0,0,5,0.8275862068965516,0
rank_index,time,class,failures,ranking,nfpa,failure_metric
0.5211508890356279,0.0,1.0,0,8,0.8235294117647057,0
0.5211453614027531,0.049,0.0,0,2,0.8235294117647057,0
0.5211446205166754,0.08199999999999999,0.0,0,1,0.8235294117647057,0
0.5211409710896298,0.009000000000000001,0.0,0,6,0.8235294117647057,0
0.5211409703002571,0.002,1.0,0,7,0.8235294117647057,0
0.5211404975395787,0.01,0.0,0,5,0.8235294117647057,0
0.5211380895688049,0.022000000000000002,0.0,0,4,0.8235294117647057,0
0.5211380892123079,0.023,0.0,0,3,0.8235294117647057,0
rank_index,time,class,failures,ranking,nfpa,failure_metric
0.521175788243211,0.0,1.0,0,16,0.8739495798319328,0
0.5211677771886059,0.012,0.0,0,8,0.8739495798319328,0
0.5211673219113457,0.004,1.0,0,11,0.8739495798319328,0
0.5211590460304916,0.042,0.0,0,3,0.8739495798319328,0
0.5211554438858461,0.0,1.0,0,17,0.8739495798319328,0
0.5211544270351021,0.001,1.0,0,15,0.8739495798319328,0
0.5211508868435618,0.001,1.0,0,13,0.8739495798319328,0
0.5211453500997163,0.034,0.0,0,4,0.8739495798319328,0
0.5211430708511672,0.006,0.0,0,10,0.8739495798319328,0
0.5211409709636478,0.008,0.0,0,9,0.8739495798319328,0
0.5211409691551188,0.003,1.0,0,12,0.8739495798319328,0
0.5211404972438447,0.013000000000000001,0.0,0,6,0.8739495798319328,0
0.5211404545674486,0.10300000000000001,0.0,0,1,0.8739495798319328,0
0.5211380906128942,0.001,1.0,0,14,0.8739495798319328,0
0.5211380895684989,0.019,0.0,0,5,0.8739495798319328,0
0.5211380894918671,0.083,0.0,0,2,0.8739495798319328,0
0.5211380892120633,0.012,0.0,0,7,0.8739495798319328,0
rank_index,time,class,failures,ranking,nfpa,failure_metric
0.521175320703207,0.001,1.0,0,13,0.8757705073494548,0
0.5211672832294993,0.001,1.0,0,12,0.8757705073494548,0
0.5211668237529922,0.006999999999999999,0.0,0,8,0.8757705073494548,0
0.5211590682049633,0.003,1.0,0,10,0.8757705073494548,0
0.5211554656191251,0.001,1.0,0,14,0.8757705073494548,0
0.5211544486651424,0.0,1.0,0,18,0.8757705073494548,0
0.5211509863829831,0.0,1.0,0,16,0.8757705073494548,0
0.5211453379984017,0.009000000000000001,0.0,0,7,0.8757705073494548,0
0.5211445793376028,0.084,0.0,0,1,0.8757705073494548,0
0.5211430788721702,0.002,1.0,0,11,0.8757705073494548,0
0.5211409988065644,0.005,0.0,0,9,0.8757705073494548,0
0.5211409981520037,0.0,1.0,0,15,0.8757705073494548,0
0.5211405193207355,0.012,0.0,0,6,0.8757705073494548,0
0.5211404516859255,0.016,0.0,0,5,0.8757705073494548,0
0.5211380906154389,0.0,1.0,0,17,0.8757705073494548,0
0.5211380895673831,0.034,0.0,0,3,0.8757705073494548,0
0.5211380894895008,0.043,0.0,0,2,0.8757705073494548,0
0.5211380892145211,0.027000000000000003,0.0,0,4,0.8757705073494548,0
rank_index,time,class,failures,ranking,nfpa,failure_metric
0.5211807794665987,0.0,1.0,0,15,0.8443570767807586,0
0.5211803662914655,0.001,1.0,0,10,0.8443570767807586,0
0.5211764123563486,0.0,1.0,0,14,0.8443570767807586,0
0.5211752723791527,0.0,1.0,0,21,0.8443570767807586,0
0.521171765884016,0.0,1.0,0,17,0.8443570767807586,0
0.5211672467584298,0.0,1.0,0,16,0.8443570767807586,0
0.5211667735027441,0.01,0.0,0,5,0.8443570767807586,0
0.5211625443187822,0.002,1.0,0,9,0.8443570767807586,0
0.5211590746261988,0.002,1.0,0,7,0.8443570767807586,0
0.5211554280169688,0.0,1.0,0,18,0.8443570767807586,0
0.5211544171805397,0.0,1.0,0,19,0.8443570767807586,0
0.5211509587740915,0.0,1.0,0,20,0.8443570767807586,0
0.5211454209635259,0.001,1.0,0,12,0.8443570767807586,0
0.5211445127546839,0.08900000000000001,0.0,0,1,0.8443570767807586,0
0.5211430650637845,0.001,1.0,0,13,0.8443570767807586,0
0.5211409912569844,0.001,1.0,0,11,0.8443570767807586,0
0.5211409891189517,0.0,1.0,0,22,0.8443570767807586,0
0.5211405132487796,0.002,1.0,0,8,0.8443570767807586,0
0.5211404614495738,0.006999999999999999,0.0,0,6,0.8443570767807586,0
0.5211380906103124,0.0,1.0,0,23,0.8443570767807586,0
0.5211380895722115,0.036000000000000004,0.0,0,3,0.8443570767807586,0
0.521138089489739,0.045,0.0,0,2,0.8443570767807586,0
0.5211380892136243,0.027999999999999997,0.0,0,4,0.8443570767807586,0
rank_index,time,class,failures,ranking,nfpa,failure_metric
0.5211797553812431,0.0,1.0,0,17,0.8548089591567852,0
0.5211752606878554,0.0,1.0,0,15,0.8548089591567852,0
0.5211752269986735,0.002,1.0,0,12,0.8548089591567852,0
0.5211705421196194,0.0,1.0,0,16,0.8548089591567852,0
0.521167194404264,0.0,1.0,0,14,0.8548089591567852,0
0.521166713040488,0.013000000000000001,0.0,0,9,0.8548089591567852,0
0.5211613621726534,0.009000000000000001,0.0,0,10,0.8548089591567852,0
0.52115902588937,0.019,0.0,0,5,0.8548089591567852,0
0.5211556049798215,0.0,1.0,0,18,0.8548089591567852,0
0.5211553798575108,0.0,1.0,0,19,0.8548089591567852,0
0.5211509204452525,0.0,1.0,0,21,0.8548089591567852,0
0.5211454014677528,0.015,0.0,0,8,0.8548089591567852,0
0.5211444886302585,0.107,0.0,0,1,0.8548089591567852,0
0.5211440548101582,0.001,1.0,0,13,0.8548089591567852,0
0.521141273624923,0.008,0.0,0,11,0.8548089591567852,0
0.5211412735392582,0.0,1.0,0,20,0.8548089591567852,0
0.5211405064070801,0.016,0.0,0,7,0.8548089591567852,0
0.5211404554584751,0.018000000000000002,0.0,0,6,0.8548089591567852,0
0.5211380906046682,0.0,1.0,0,22,0.8548089591567852,0
0.5211380896319946,0.032,0.0,0,3,0.8548089591567852,0
0.5211380894877944,0.034,0.0,0,2,0.8548089591567852,0
0.5211380892127795,0.027999999999999997,0.0,0,4,0.8548089591567852,0
rank_index,time,class,failures,ranking,nfpa,failure_metric
0.5211752199132063,0.0,1.0,0,20,0.8477351916376307,0
0.521175188647108,0.0,1.0,0,13,0.8477351916376307,0
0.5211671553544495,0.0,1.0,0,12,0.8477351916376307,0
0.5211666716037101,0.001,1.0,0,7,0.8477351916376307,0
0.5211613257533648,0.0,1.0,0,11,0.8477351916376307,0
0.521158972333203,0.001,1.0,0,8,0.8477351916376307,0
0.5211555739534289,0.0,1.0,0,14,0.8477351916376307,0
0.5211553511766637,0.0,1.0,0,18,0.8477351916376307,0
0.521150897930322,0.001,1.0,0,9,0.8477351916376307,0
0.5211453786973586,0.006,0.0,0,6,0.8477351916376307,0
0.5211444658700574,0.1,0.0,0,1,0.8477351916376307,0
0.5211440427482398,0.0,1.0,0,15,0.8477351916376307,0
0.5211412659657172,0.0,1.0,0,16,0.8477351916376307,0
0.521141263814174,0.001,1.0,0,10,0.8477351916376307,0
0.5211404983337639,0.01,0.0,0,5,0.8477351916376307,0
0.521140447625116,0.0,1.0,0,17,0.8477351916376307,0
0.5211380906006908,0.0,1.0,0,19,0.8477351916376307,0
0.5211380896048199,0.035,0.0,0,2,0.8477351916376307,0
0.5211380894870884,0.015,0.0,0,4,0.8477351916376307,0
0.5211380892121256,0.026000000000000002,0.0,0,3,0.8477351916376307,0
rank_index,time,class,failures,ranking,nfpa,failure_metric
0.5211751875786067,0.001,1.0,0,12,0.8829131652661064,0
0.5211613249476592,0.0,1.0,0,17,0.8829131652661064,0
0.5211589933298529,0.002,1.0,0,9,0.8829131652661064,0
0.5211555716354139,0.001,1.0,0,11,0.8829131652661064,0
0.521155353141015,0.001,1.0,0,10,0.8829131652661064,0
0.521150895782185,0.0,1.0,0,14,0.8829131652661064,0
0.5211453824315152,0.008,0.0,0,6,0.8829131652661064,0
0.5211444695366033,0.08,0.0,0,1,0.8829131652661064,0
0.5211440400147922,0.001,1.0,0,13,0.8829131652661064,0
0.5211412664960544,0.003,1.0,0,8,0.8829131652661064,0
0.5211412652736911,0.0,1.0,0,16,0.8829131652661064,0
0.5211404994581955,0.006999999999999999,0.0,0,7,0.8829131652661064,0
0.5211404509757872,0.009000000000000001,0.0,0,5,0.8829131652661064,0
0.5211380906004877,0.0,1.0,0,15,0.8829131652661064,0
0.521138089604724,0.037000000000000005,0.0,0,2,0.8829131652661064,0
0.5211380894878324,0.013999999999999999,0.0,0,4,0.8829131652661064,0
0.5211380892122579,0.028999999999999998,0.0,0,3,0.8829131652661064,0
rank_index,time,class,failures,ranking,nfpa,failure_metric
0.5211751902810459,0.0,1.0,0,18,0.8738738738738739,0
0.5211613397390121,0.004,1.0,0,10,0.8738738738738739,0
0.5211589929720478,0.003,1.0,0,11,0.8738738738738739,0
0.5211555766744165,0.001,1.0,0,12,0.8738738738738739,0
0.5211553509272905,0.001,1.0,0,14,0.8738738738738739,0
0.5211536852343608,0.01,0.0,0,6,0.8738738738738739,0
0.5211508980462479,0.001,1.0,0,13,0.8738738738738739,0
0.5211453842606601,0.011000000000000001,0.0,0,5,0.8738738738738739,0
0.5211444808021404,0.08199999999999999,0.0,0,1,0.8738738738738739,0
0.5211440429243693,0.001,1.0,0,15,0.8738738738738739,0
0.5211412666607007,0.0,1.0,0,17,0.8738738738738739,0
0.5211412660935635,0.005,0.0,0,9,0.8738738738738739,0
0.5211405004477744,0.006,0.0,0,8,0.8738738738738739,0
0.5211404501788927,0.008,0.0,0,7,0.8738738738738739,0
0.5211380906014598,0.0,1.0,0,16,0.8738738738738739,0
0.5211380896046963,0.036000000000000004,0.0,0,2,0.8738738738738739,0
0.5211380894882282,0.022000000000000002,0.0,0,4,0.8738738738738739,0
0.521138089212195,0.028999999999999998,0.0,0,3,0.8738738738738739,0
rank_index,time,class,failures,ranking,nfpa,failure_metric
0.5211752034109375,0.001,1.0,0,12,0.8539592223802752,0
0.5211613315738187,0.006,0.0,0,8,0.8539592223802752,0
0.5211590032931543,0.002,1.0,0,10,0.8539592223802752,0
0.5211555795368182,0.0,1.0,0,16,0.8539592223802752,0
0.5211553596840044,0.0,1.0,0,18,0.8539592223802752,0
0.5211535791719942,0.013999999999999999,0.0,0,4,0.8539592223802752,0
0.5211509045905798,0.001,1.0,0,11,0.8539592223802752,0
0.5211453842114485,0.0,1.0,0,15,0.8539592223802752,0
0.5211444831698989,0.068,0.0,0,1,0.8539592223802752,0
0.5211440461882696,0.001,1.0,0,13,0.8539592223802752,0
0.5211412682150219,0.0,1.0,0,17,0.8539592223802752,0
0.5211412679067164,0.003,1.0,0,9,0.8539592223802752,0
0.5211405019205766,0.01,0.0,0,5,0.8539592223802752,0
0.5211404516379476,0.006,0.0,0,7,0.8539592223802752,0
0.5211380896050815,0.051,0.0,0,2,0.8539592223802752,0
0.5211380894878951,0.01,0.0,0,6,0.8539592223802752,0
0.5211380894686385,0.0,1.0,0,14,0.8539592223802752,0
0.5211380892123736,0.024,0.0,0,3,0.8539592223802752,0
rank_index,time,class,failures,ranking,nfpa,failure_metric
0.5211802138212756,0.0,1.0,0,21,0.8885533071579584,0
0.5211756525003312,0.0,1.0,0,14,0.8885533071579584,0
0.5211752045591174,0.0,1.0,0,17,0.8885533071579584,0
0.5211710893036835,0.0,1.0,0,15,0.8885533071579584,0
0.5211676044287233,0.0,1.0,0,13,0.8885533071579584,0
0.5211590039585198,0.006,0.0,0,9,0.8885533071579584,0
0.5211555892041813,0.0,1.0,0,16,0.8885533071579584,0
0.5211553631723943,0.001,1.0,0,12,0.8885533071579584,0
0.5211535803408349,0.006999999999999999,0.0,0,8,0.8885533071579584,0
0.5211509044444846,0.0,1.0,0,19,0.8885533071579584,0
0.5211453934743262,0.01,0.0,0,6,0.8885533071579584,0
0.5211444913901716,0.08199999999999999,0.0,0,1,0.8885533071579584,0
0.5211440472583366,0.001,1.0,0,11,0.8885533071579584,0
0.521141268946636,0.0,1.0,0,20,0.8885533071579584,0
0.5211412677451371,0.005,0.0,0,10,0.8885533071579584,0
0.5211405011642639,0.013000000000000001,0.0,0,5,0.8885533071579584,0
0.521140451749845,0.016,0.0,0,4,0.8885533071579584,0
0.5211380896044393,0.037000000000000005,0.0,0,2,0.8885533071579584,0
0.5211380894886792,0.008,0.0,0,7,0.8885533071579584,0
0.5211380894689079,0.0,1.0,0,18,0.8885533071579584,0
0.5211380890655096,0.028999999999999998,0.0,0,3,0.8885533071579584,0
rank_index,time,class,failures,ranking,nfpa,failure_metric
0.5211751662554943,0.0,1.0,0,14,0.8582633053221288,0
0.5211671294708304,0.012,0.0,0,4,0.8582633053221288,0
0.5211589651891897,0.006999999999999999,0.0,0,7,0.8582633053221288,0
0.5211555496097602,0.0,1.0,0,17,0.8582633053221288,0
0.5211553317154978,0.001,1.0,0,11,0.8582633053221288,0
0.5211535537107308,0.006,0.0,0,8,0.8582633053221288,0
0.5211508773605233,0.001,1.0,0,13,0.8582633053221288,0
0.5211453696160153,0.0,1.0,0,16,0.8582633053221288,0
0.5211440314328184,0.001,1.0,0,12,0.8582633053221288,0
0.5211412612009162,0.001,1.0,0,10,0.8582633053221288,0
0.5211412601798372,0.002,1.0,0,9,0.8582633053221288,0
0.5211404944199046,0.013000000000000001,0.0,0,3,0.8582633053221288,0
0.5211404442365962,0.006999999999999999,0.0,0,6,0.8582633053221288,0
0.521138089603361,0.038,0.0,0,2,0.8582633053221288,0
0.5211380894873523,0.11199999999999999,0.0,0,1,0.8582633053221288,0
0.5211380894675088,0.0,1.0,0,15,0.8582633053221288,0
0.5211380890652837,0.012,0.0,0,5,0.8582633053221288,0
rank_index,time,class,failures,ranking,nfpa,failure_metric
0.5211798162615063,0.0,1.0,0,16,0.8772068511198947,0
0.521175322741549,0.0,1.0,0,19,0.8772068511198947,0
0.5211751818814548,0.0,1.0,0,18,0.8772068511198947,0
0.5211706083680672,0.0,1.0,0,17,0.8772068511198947,0
0.5211671321503212,0.0,1.0,0,15,0.8772068511198947,0
0.5211615740841606,0.004,1.0,0,10,0.8772068511198947,0
0.5211589755457696,0.012,0.0,0,8,0.8772068511198947,0
0.521155567949033,0.0,1.0,0,20,0.8772068511198947,0
0.5211553444819105,0.001,1.0,0,12,0.8772068511198947,0
0.5211535645484391,0.013000000000000001,0.0,0,7,0.8772068511198947,0
0.5211508893162414,0.001,1.0,0,14,0.8772068511198947,0
0.5211445174689099,0.084,0.0,0,1,0.8772068511198947,0
0.5211440383881742,0.001,1.0,0,13,0.8772068511198947,0
0.5211412641052435,0.002,1.0,0,11,0.8772068511198947,0
0.5211412630565636,0.0,1.0,0,22,0.8772068511198947,0
0.5211404972020516,0.013999999999999999,0.0,0,6,0.8772068511198947,0
0.5211404482359223,0.023,0.0,0,5,0.8772068511198947,0
0.5211381737318034,0.009000000000000001,0.0,0,9,0.8772068511198947,0
0.5211380896041631,0.035,0.0,0,4,0.8772068511198947,0
0.5211380894831963,0.049,0.0,0,2,0.8772068511198947,0
0.5211380894680663,0.0,1.0,0,21,0.8772068511198947,0
0.5211380890654883,0.04,0.0,0,3,0.8772068511198947,0
rank_index,time,class,failures,ranking,nfpa,failure_metric
0.5211753110449572,0.0,1.0,0,15,0.8558704453441295,0
0.5211752759107383,0.0,1.0,0,13,0.8558704453441295,0
0.5211672473655601,0.0,1.0,0,11,0.8558704453441295,0
0.5211590666235377,0.013000000000000001,0.0,0,6,0.8558704453441295,0
0.5211556500283652,0.0,1.0,0,12,0.8558704453441295,0
0.5211554242174726,0.0,1.0,0,18,0.8558704453441295,0
0.521153639592988,0.004,1.0,0,9,0.8558704453441295,0
0.5211509588824026,0.0,1.0,0,17,0.8558704453441295,0
0.5211453243180797,0.008,0.0,0,7,0.8558704453441295,0
0.5211445115658847,0.079,0.0,0,1,0.8558704453441295,0
0.5211440753425192,0.0,1.0,0,14,0.8558704453441295,0
0.5211412844631416,0.0,1.0,0,19,0.8558704453441295,0
0.5211412842517498,0.003,1.0,0,10,0.8558704453441295,0
0.5211405126505745,0.019,0.0,0,5,0.8558704453441295,0
0.5211404600774416,0.006999999999999999,0.0,0,8,0.8558704453441295,0
0.5211380896082479,0.034,0.0,0,3,0.8558704453441295,0
0.5211380894895448,0.061,0.0,0,2,0.8558704453441295,0
0.5211380894713056,0.0,1.0,0,16,0.8558704453441295,0
0.5211380890658089,0.028999999999999998,0.0,0,4,0.8558704453441295,0
rank_index,time,class,failures,ranking,nfpa,failure_metric
0.5211590493351365,0.003,1.0,0,7,0.8766788766788766,0
0.5211556386784907,0.0,1.0,0,11,0.8766788766788766,0
0.5211554169010776,0.0,1.0,0,12,0.8766788766788766,0
0.5211509512893411,0.0,1.0,0,10,0.8766788766788766,0
0.5211454154285909,0.024,0.0,0,5,0.8766788766788766,0
0.5211430704062022,0.001,1.0,0,9,0.8766788766788766,0
0.5211405097319891,0.009000000000000001,0.0,0,6,0.8766788766788766,0
0.5211404624075737,0.026000000000000002,0.0,0,4,0.8766788766788766,0
0.5211403565133932,0.002,1.0,0,8,0.8766788766788766,0
0.5211380896080817,0.043,0.0,0,2,0.8766788766788766,0
0.5211380894885608,0.107,0.0,0,1,0.8766788766788766,0
0.52113808947086,0.0,1.0,0,13,0.8766788766788766,0
0.5211380890658358,0.028999999999999998,0.0,0,3,0.8766788766788766,0
rank_index,time,class,failures,ranking,nfpa,failure_metric
0.5211710441389688,0.0,1.0,0,12,0.856283422459893,0
0.5211590738681241,0.018000000000000002,0.0,0,8,0.856283422459893,0
0.5211556477281695,0.0,1.0,0,16,0.856283422459893,0
0.5211538157584663,0.005,0.0,0,9,0.856283422459893,0
0.5211509583983666,0.0,1.0,0,14,0.856283422459893,0
0.5211446001619741,0.08900000000000001,0.0,0,1,0.856283422459893,0
0.5211434284755092,0.024,0.0,0,6,0.856283422459893,0
0.5211430754430789,0.001,1.0,0,11,0.856283422459893,0
0.5211413294087497,0.0,1.0,0,15,0.856283422459893,0
0.521140514254005,0.018000000000000002,0.0,0,7,0.856283422459893,0
0.5211404596072879,0.037000000000000005,0.0,0,3,0.856283422459893,0
0.5211403882684252,0.004,1.0,0,10,0.856283422459893,0
0.5211380896079472,0.036000000000000004,0.0,0,4,0.856283422459893,0
0.5211380894869098,0.039,0.0,0,2,0.856283422459893,0
0.5211380894714407,0.0,1.0,0,13,0.856283422459893,0
0.521138089065876,0.026000000000000002,0.0,0,5,0.856283422459893,0
rank_index,time,class,failures,ranking,nfpa,failure_metric
0.5211756290614694,0.0,1.0,0,15,0.8680161943319834,0
0.5211755896898883,0.0,1.0,0,16,0.8680161943319834,0
0.5211675820433281,0.001,1.0,0,11,0.8680161943319834,0
0.5211589502936067,0.012,0.0,0,8,0.8680161943319834,0
0.5211555554665296,0.0,1.0,0,18,0.8680161943319834,0
0.5211555241474067,0.001,1.0,0,12,0.8680161943319834,0
0.5211535576974733,0.004,1.0,0,10,0.8680161943319834,0
0.5211508785655512,0.0,1.0,0,19,0.8680161943319834,0
0.521144467500125,0.078,0.0,0,1,0.8680161943319834,0
0.5211434833445148,0.027999999999999997,0.0,0,3,0.8680161943319834,0
0.5211430390111229,0.001,1.0,0,14,0.8680161943319834,0
0.521141260866082,0.001,1.0,0,13,0.8680161943319834,0
0.5211404933495125,0.013000000000000001,0.0,0,7,0.8680161943319834,0
0.521140439981381,0.025,0.0,0,6,0.8680161943319834,0
0.5211403707716996,0.006,0.0,0,9,0.8680161943319834,0
0.5211380896036953,0.037000000000000005,0.0,0,2,0.8680161943319834,0
0.5211380894859348,0.027000000000000003,0.0,0,4,0.8680161943319834,0
0.5211380894675475,0.0,1.0,0,17,0.8680161943319834,0
0.5211380890653228,0.026000000000000002,0.0,0,5,0.8680161943319834,0
rank_index,time,class,failures,ranking,nfpa,failure_metric
0.5211752026533689,0.0,1.0,0,14,0.8538461538461536,0
0.5211751646157221,0.0,1.0,0,18,0.8538461538461536,0
0.5211671321479019,0.001,1.0,0,11,0.8538461538461536,0
0.5211589594533067,0.003,1.0,0,10,0.8538461538461536,0
0.5211555555241236,0.001,1.0,0,12,0.8538461538461536,0
0.5211553312344788,0.0,1.0,0,15,0.8538461538461536,0
0.5211535551338314,0.009000000000000001,0.0,0,7,0.8538461538461536,0
0.5211508819668969,0.0,1.0,0,16,0.8538461538461536,0
0.5211444715560061,0.078,0.0,0,1,0.8538461538461536,0
0.5211434799067128,0.021,0.0,0,5,0.8538461538461536,0
0.5211430391994404,0.001,1.0,0,13,0.8538461538461536,0
0.5211412609926132,0.0,1.0,0,17,0.8538461538461536,0
0.5211404952134777,0.004,1.0,0,8,0.8538461538461536,0
0.5211404424214728,0.049,0.0,0,2,0.8538461538461536,0
0.521140371031568,0.003,1.0,0,9,0.8538461538461536,0
0.5211380896035355,0.039,0.0,0,3,0.8538461538461536,0
0.5211380894866923,0.011000000000000001,0.0,0,6,0.8538461538461536,0
0.5211380894675072,0.0,1.0,0,19,0.8538461538461536,0
0.5211380890652906,0.024,0.0,0,4,0.8538461538461536,0
rank_index,time,class,failures,ranking,nfpa,failure_metric
0.5211804789430622,0.0,1.0,0,16,0.8737812911725956,0
0.5211752162172063,0.0,1.0,0,18,0.8737812911725956,0
0.5211751855163224,0.0,1.0,0,15,0.8737812911725956,0
0.5211707262632572,0.0,1.0,0,14,0.8737812911725956,0
0.5211671460903571,0.0,1.0,0,13,0.8737812911725956,0
0.5211621903787141,0.002,1.0,0,11,0.8737812911725956,0
0.5211589817370623,0.009000000000000001,0.0,0,10,0.8737812911725956,0
0.5211555615251937,0.0,1.0,0,22,0.8737812911725956,0
0.5211553442402456,0.0,1.0,0,17,0.8737812911725956,0
0.5211535643458646,0.011000000000000001,0.0,0,8,0.8737812911725956,0
0.5211508905329786,0.0,1.0,0,19,0.8737812911725956,0
0.5211444755468919,0.078,0.0,0,1,0.8737812911725956,0
0.5211430448630934,0.002,1.0,0,12,0.8737812911725956,0
0.5211412638974725,0.0,1.0,0,20,0.8737812911725956,0
0.5211404993790876,0.012,0.0,0,7,0.8737812911725956,0
0.5211404397158895,0.027999999999999997,0.0,0,3,0.8737812911725956,0
0.5211403732462437,0.009000000000000001,0.0,0,9,0.8737812911725956,0
0.5211380929552153,0.027000000000000003,0.0,0,5,0.8737812911725956,0
0.5211380896040491,0.037000000000000005,0.0,0,2,0.8737812911725956,0
0.5211380894876736,0.013999999999999999,0.0,0,6,0.8737812911725956,0
0.5211380894680835,0.0,1.0,0,21,0.8737812911725956,0
0.5211380890654206,0.027000000000000003,0.0,0,4,0.8737812911725956,0
rank_index,time,class,failures,ranking,nfpa,failure_metric
0.5211797047487927,0.0,1.0,0,14,0.8719367588932805,0
0.5211752034322823,0.0,1.0,0,16,0.8719367588932805,0
0.52117516743431,0.0,1.0,0,18,0.8719367588932805,0
0.5211704802625416,0.0,1.0,0,17,0.8719367588932805,0
0.5211671309706705,0.001,1.0,0,13,0.8719367588932805,0
0.5211613054035293,0.0,1.0,0,15,0.8719367588932805,0
0.5211589609206421,0.003,1.0,0,8,0.8719367588932805,0
0.5211555561099289,0.0,1.0,0,20,0.8719367588932805,0
0.5211553317468849,0.001,1.0,0,12,0.8719367588932805,0
0.5211535495656404,0.009000000000000001,0.0,0,7,0.8719367588932805,0
0.5211508784924712,0.0,1.0,0,22,0.8719367588932805,0
0.5211444715680174,0.071,0.0,0,1,0.8719367588932805,0
0.5211430391337003,0.002,1.0,0,11,0.8719367588932805,0
0.521141261282824,0.0,1.0,0,19,0.8719367588932805,0
0.5211404943457333,0.003,1.0,0,9,0.8719367588932805,0
0.5211404416710682,0.024,0.0,0,3,0.8719367588932805,0
0.5211403698735554,0.002,1.0,0,10,0.8719367588932805,0
0.5211380929487461,0.013999999999999999,0.0,0,5,0.8719367588932805,0
0.5211380896035425,0.03,0.0,0,2,0.8719367588932805,0
0.5211380894872002,0.009000000000000001,0.0,0,6,0.8719367588932805,0
0.5211380894676522,0.0,1.0,0,21,0.8719367588932805,0
0.5211380890652881,0.018000000000000002,0.0,0,4,0.8719367588932805,0
rank_index,time,class,failures,ranking,nfpa,failure_metric
0.5211798774593999,0.0,1.0,0,17,0.8582345191040843,0
0.5211753986062104,0.0,1.0,0,13,0.8582345191040843,0
0.5211753625877732,0.0,1.0,0,14,0.8582345191040843,0
0.5211706871756776,0.0,1.0,0,15,0.8582345191040843,0
0.5211673382578099,0.001,1.0,0,11,0.8582345191040843,0
0.5211615044507809,0.0,1.0,0,16,0.8582345191040843,0
0.5211591562970755,0.012,0.0,0,8,0.8582345191040843,0
0.5211557256245769,0.0,1.0,0,18,0.8582345191040843,0
0.5211555012425527,0.001,1.0,0,12,0.8582345191040843,0
0.5211537134699202,0.009000000000000001,0.0,0,9,0.8582345191040843,0
0.5211510197789792,0.0,1.0,0,22,0.8582345191040843,0
0.5211445539730227,0.079,0.0,0,1,0.8582345191040843,0
0.5211431020731335,0.0,1.0,0,20,0.8582345191040843,0
0.5211413024968238,0.0,1.0,0,21,0.8582345191040843,0
0.5211405298782884,0.012,0.0,0,7,0.8582345191040843,0
0.5211404742922205,0.034,0.0,0,4,0.8582345191040843,0
0.5211404013481067,0.005,0.0,0,10,0.8582345191040843,0
0.5211380939744273,0.035,0.0,0,3,0.8582345191040843,0
0.5211380896124759,0.037000000000000005,0.0,0,2,0.8582345191040843,0
0.5211380894944428,0.023,0.0,0,6,0.8582345191040843,0
0.5211380894742913,0.0,1.0,0,19,0.8582345191040843,0
0.5211380890664397,0.03,0.0,0,5,0.8582345191040843,0
rank_index,time,class,failures,ranking,nfpa,failure_metric
0.521179711274089,0.0,1.0,0,15,0.8679841897233201,0
0.5211752086760393,0.0,1.0,0,17,0.8679841897233201,0
0.5211751734456745,0.0,1.0,0,18,0.8679841897233201,0
0.5211704883439678,0.0,1.0,0,14,0.8679841897233201,0
0.5211671386689365,0.001,1.0,0,12,0.8679841897233201,0
0.521161315164655,0.0,1.0,0,16,0.8679841897233201,0
0.5211589664236983,0.004,1.0,0,9,0.8679841897233201,0
0.5211555582308665,0.0,1.0,0,20,0.8679841897233201,0
0.5211553367918828,0.001,1.0,0,13,0.8679841897233201,0
0.5211535571557493,0.011000000000000001,0.0,0,7,0.8679841897233201,0
0.5211508850983406,0.0,1.0,0,21,0.8679841897233201,0
0.5211444742076373,0.08,0.0,0,1,0.8679841897233201,0
0.5211430419791542,0.002,1.0,0,10,0.8679841897233201,0
0.5211412626659249,0.0,1.0,0,19,0.8679841897233201,0
0.5211404964241072,0.008,0.0,0,8,0.8679841897233201,0
0.5211404423676589,0.038,0.0,0,2,0.8679841897233201,0
0.5211403718708902,0.002,1.0,0,11,0.8679841897233201,0
0.5211380940233055,0.038,0.0,0,3,0.8679841897233201,0
0.5211380896039209,0.031,0.0,0,4,0.8679841897233201,0
0.5211380894868615,0.019,0.0,0,6,0.8679841897233201,0
0.5211380894677233,0.0,1.0,0,22,0.8679841897233201,0
0.5211380890653322,0.028999999999999998,0.0,0,5,0.8679841897233201,0
rank_index,time,class,failures,ranking,nfpa,failure_metric
0.5211752173007292,0.0,1.0,0,14,0.8554655870445342,0
0.5211751822348708,0.0,1.0,0,15,0.8554655870445342,0
0.5211671468316285,0.0,1.0,0,13,0.8554655870445342,0
0.5211589845050182,0.017,0.0,0,7,0.8554655870445342,0
0.5211555682548121,0.0,1.0,0,16,0.8554655870445342,0
0.5211553420500239,0.001,1.0,0,12,0.8554655870445342,0
0.5211535620917199,0.006,0.0,0,9,0.8554655870445342,0
0.5211508912510217,0.0,1.0,0,18,0.8554655870445342,0
0.5211444773359877,0.081,0.0,0,1,0.8554655870445342,0
0.5211434812300473,0.024,0.0,0,6,0.8554655870445342,0
0.5211430441217657,0.001,1.0,0,11,0.8554655870445342,0
0.5211412632978115,0.0,1.0,0,19,0.8554655870445342,0
0.5211404982453215,0.013999999999999999,0.0,0,8,0.8554655870445342,0
0.5211404422994075,0.033,0.0,0,2,0.8554655870445342,0
0.5211403735057822,0.003,1.0,0,10,0.8554655870445342,0
0.5211380896043459,0.03,0.0,0,3,0.8554655870445342,0
0.521138089487489,0.027000000000000003,0.0,0,4,0.8554655870445342,0
0.5211380894681498,0.0,1.0,0,17,0.8554655870445342,0
0.5211380890653625,0.026000000000000002,0.0,0,5,0.8554655870445342,0
rank_index,time,class,failures,ranking,nfpa,failure_metric
0.5211798213217352,0.0,1.0,0,14,0.8071146245059289,0
0.5211752101375469,0.0,1.0,0,16,0.8071146245059289,0
0.5211751760137348,0.001,1.0,0,9,0.8071146245059289,0
0.5211706181190023,0.0,1.0,0,15,0.8071146245059289,0
0.5211671408349778,0.0,1.0,0,13,0.8071146245059289,0
0.5211614400606371,0.003,1.0,0,7,0.8071146245059289,0
0.5211589570425531,0.001,1.0,0,11,0.8071146245059289,0
0.5211555608072067,0.0,1.0,0,18,0.8071146245059289,0
0.5211553386844392,0.0,1.0,0,17,0.8071146245059289,0
0.5211535634719358,0.012,0.0,0,4,0.8071146245059289,0
0.5211508865784799,0.0,1.0,0,20,0.8071146245059289,0
0.5211444719505847,0.079,0.0,0,1,0.8071146245059289,0
0.5211430418076973,0.001,1.0,0,10,0.8071146245059289,0
0.5211412635969512,0.0,1.0,0,19,0.8071146245059289,0
0.5211404954145,0.001,1.0,0,12,0.8071146245059289,0
0.5211404419783499,0.051,0.0,0,2,0.8071146245059289,0
0.5211403725658997,0.002,1.0,0,8,0.8071146245059289,0
0.5211380940284434,0.0,1.0,0,22,0.8071146245059289,0
0.5211380896043136,0.04,0.0,0,3,0.8071146245059289,0
0.5211380894868385,0.009000000000000001,0.0,0,5,0.8071146245059289,0
0.5211380894678367,0.0,1.0,0,21,0.8071146245059289,0
0.5211380890653629,0.005,0.0,0,6,0.8071146245059289,0
rank_index,time,class,failures,ranking,nfpa,failure_metric
0.5211752359656088,0.0,1.0,0,12,0.8651821862348178,0
0.5211751958655335,0.001,1.0,0,10,0.8651821862348178,0
0.5211671659537435,0.0,1.0,0,13,0.8651821862348178,0
0.5211590037003361,0.004,1.0,0,9,0.8651821862348178,0
0.5211555782269285,0.0,1.0,0,19,0.8651821862348178,0
0.5211553561887741,0.0,1.0,0,18,0.8651821862348178,0
0.5211535760847912,0.008,0.0,0,7,0.8651821862348178,0
0.5211509042382586,0.0,1.0,0,15,0.8651821862348178,0
0.5211444849923329,0.084,0.0,0,1,0.8651821862348178,0
0.5211430501749188,0.0,1.0,0,16,0.8651821862348178,0
0.5211412675022735,0.0,1.0,0,17,0.8651821862348178,0
0.5211405029186424,0.008,0.0,0,8,0.8651821862348178,0
0.5211404424099738,0.042,0.0,0,3,0.8651821862348178,0
0.5211403758622036,0.001,1.0,0,11,0.8651821862348178,0
0.5211380940483975,0.027000000000000003,0.0,0,5,0.8651821862348178,0
0.5211380896048884,0.040999999999999995,0.0,0,4,0.8651821862348178,0
0.5211380894885502,0.055999999999999994,0.0,0,2,0.8651821862348178,0
0.5211380894687841,0.0,1.0,0,14,0.8651821862348178,0
0.5211380890656151,0.027000000000000003,0.0,0,6,0.8651821862348178,0
rank_index,time,class,failures,ranking,nfpa,failure_metric
0.5211819535038217,0.0,1.0,0,13,0.8485198889916744,0
0.5211799319303911,0.0,1.0,0,16,0.8485198889916744,0
0.5211753171454775,0.0,1.0,0,14,0.8485198889916744,0
0.5211752820725613,0.0,1.0,0,18,0.8485198889916744,0
0.5211707504114874,0.0,1.0,0,17,0.8485198889916744,0
0.5211672535071119,0.0,1.0,0,15,0.8485198889916744,0
0.5211615566745601,0.003,1.0,0,10,0.8485198889916744,0
0.5211590768699543,0.005,0.0,0,9,0.8485198889916744,0
0.5211556575349726,0.0,1.0,0,19,0.8485198889916744,0
0.5211554340816554,0.001,1.0,0,11,0.8485198889916744,0
0.5211536491138106,0.01,0.0,0,7,0.8485198889916744,0
0.5211509604660857,0.0,1.0,0,20,0.8485198889916744,0
0.5211445133493341,0.066,0.0,0,1,0.8485198889916744,0
0.5211430756939635,0.0,1.0,0,22,0.8485198889916744,0
0.5211412849845309,0.0,1.0,0,23,0.8485198889916744,0
0.521140515136857,0.006999999999999999,0.0,0,8,0.8485198889916744,0
0.5211404570326555,0.042,0.0,0,2,0.8485198889916744,0
0.5211403898338314,0.001,1.0,0,12,0.8485198889916744,0
0.5211380940665531,0.038,0.0,0,3,0.8485198889916744,0
0.5211380896083271,0.033,0.0,0,5,0.8485198889916744,0
0.5211380894893354,0.019,0.0,0,6,0.8485198889916744,0
0.5211380894713553,0.0,1.0,0,21,0.8485198889916744,0
0.5211380890659519,0.034,0.0,0,4,0.8485198889916744,0
rank_index,time,class,failures,ranking,nfpa,failure_metric
0.5211797319185012,0.0,1.0,0,17,0.8924606845513414,0
0.5211752336523471,0.0,1.0,0,15,0.8924606845513414,0
0.5211751975439582,0.0,1.0,0,20,0.8924606845513414,0
0.5211710858569292,0.0,1.0,0,13,0.8924606845513414,0
0.5211705138599352,0.0,1.0,0,16,0.8924606845513414,0
0.521167165779327,0.0,1.0,0,14,0.8924606845513414,0
0.5211613358223682,0.0,1.0,0,23,0.8924606845513414,0
0.5211589966613184,0.003,1.0,0,11,0.8924606845513414,0
0.5211555820315817,0.0,1.0,0,18,0.8924606845513414,0
0.5211553561494746,0.0,1.0,0,22,0.8924606845513414,0
0.5211535726353549,0.009000000000000001,0.0,0,8,0.8924606845513414,0
0.5211509033481236,0.001,1.0,0,12,0.8924606845513414,0
0.5211444901155974,0.07400000000000001,0.0,0,1,0.8924606845513414,0
0.5211430510448103,0.003,1.0,0,10,0.8924606845513414,0
0.5211412684999784,0.0,1.0,0,19,0.8924606845513414,0
0.5211405009992455,0.009000000000000001,0.0,0,7,0.8924606845513414,0
0.5211404440284062,0.032,0.0,0,4,0.8924606845513414,0
0.5211403765946713,0.003,1.0,0,9,0.8924606845513414,0
0.521138094031164,0.033,0.0,0,3,0.8924606845513414,0
0.5211380896050061,0.031,0.0,0,5,0.8924606845513414,0
0.5211380894881584,0.038,0.0,0,2,0.8924606845513414,0
0.5211380894686695,0.0,1.0,0,21,0.8924606845513414,0
0.5211380890654156,0.03,0.0,0,6,0.8924606845513414,0
rank_index,time,class,failures,ranking,nfpa,failure_metric
0.5211797127769403,0.0,1.0,0,19,0.8711462450592885,0
0.5211752128232465,0.0,1.0,0,17,0.8711462450592885,0
0.5211751806451965,0.0,1.0,0,15,0.8711462450592885,0
0.5211704921817124,0.0,1.0,0,14,0.8711462450592885,0
0.5211671431871695,0.0,1.0,0,16,0.8711462450592885,0
0.5211613228891994,0.003,1.0,0,10,0.8711462450592885,0
0.5211589796332471,0.006,0.0,0,9,0.8711462450592885,0
0.5211555612893887,0.001,1.0,0,13,0.8711462450592885,0
0.5211553439903032,0.0,1.0,0,18,0.8711462450592885,0
0.5211535621044889,0.01,0.0,0,8,0.8711462450592885,0
0.5211508860572072,0.0,1.0,0,21,0.8711462450592885,0
0.5211444780829461,0.073,0.0,0,1,0.8711462450592885,0
0.5211430420633223,0.002,1.0,0,11,0.8711462450592885,0
0.5211412624997156,0.0,1.0,0,22,0.8711462450592885,0
0.5211404975014747,0.011000000000000001,0.0,0,7,0.8711462450592885,0
0.521140442732921,0.034,0.0,0,3,0.8711462450592885,0
0.5211403726592154,0.002,1.0,0,12,0.8711462450592885,0
0.52113809402528,0.034,0.0,0,4,0.8711462450592885,0
0.5211380896042866,0.034,0.0,0,5,0.8711462450592885,0
0.5211380894863376,0.043,0.0,0,2,0.8711462450592885,0
0.5211380894680189,0.0,1.0,0,20,0.8711462450592885,0
0.5211380890653285,0.027999999999999997,0.0,0,6,0.8711462450592885,0
rank_index,time,class,failures,ranking,nfpa,failure_metric
0.5211797619104611,0.0,1.0,0,22,0.8882978723404253,0
0.5211752707799546,0.0,1.0,0,17,0.8882978723404253,0
0.5211752353497072,0.001,1.0,0,14,0.8882978723404253,0
0.5211705470767348,0.0,1.0,0,23,0.8882978723404253,0
0.5211672012683752,0.0,1.0,0,20,0.8882978723404253,0
0.5211590339529246,0.005,0.0,0,10,0.8882978723404253,0
0.5211572423116292,0.0,1.0,0,21,0.8882978723404253,0
0.5211556152679282,0.001,1.0,0,12,0.8882978723404253,0
0.5211536107708836,0.01,0.0,0,9,0.8882978723404253,0
0.521153350954643,0.09,0.0,0,2,0.8882978723404253,0
0.5211509294703207,0.001,1.0,0,15,0.8882978723404253,0
0.521144501042079,0.11,0.0,0,1,0.8882978723404253,0
0.5211430615583994,0.001,1.0,0,13,0.8882978723404253,0
0.5211412761323755,0.0,1.0,0,18,0.8882978723404253,0
0.5211412482847513,0.0,1.0,0,16,0.8882978723404253,0
0.5211405068464638,0.011000000000000001,0.0,0,8,0.8882978723404253,0
0.5211404520005449,0.051,0.0,0,3,0.8882978723404253,0
0.5211403814897321,0.004,1.0,0,11,0.8882978723404253,0
0.5211380940468588,0.036000000000000004,0.0,0,6,0.8882978723404253,0
0.5211380896068457,0.038,0.0,0,4,0.8882978723404253,0
0.5211380894883897,0.025,0.0,0,7,0.8882978723404253,0
0.5211380894698765,0.0,1.0,0,19,0.8882978723404253,0
0.5211380890989643,0.038,0.0,0,5,0.8882978723404253,0
rank_index,time,class,failures,ranking,nfpa,failure_metric
0.5211752200887911,0.0,1.0,0,14,0.856794425087108,0
0.5211751802844564,0.0,1.0,0,16,0.856794425087108,0
0.5211671539057711,0.0,1.0,0,13,0.856794425087108,0
0.5211589791339059,0.019,0.0,0,9,0.856794425087108,0
0.5211555660979479,0.0,1.0,0,15,0.856794425087108,0
0.5211553460392345,0.0,1.0,0,20,0.856794425087108,0
0.521153560670584,0.004,1.0,0,11,0.856794425087108,0
0.5211508906725926,0.0,1.0,0,17,0.856794425087108,0
0.5211468433392629,0.076,0.0,0,2,0.856794425087108,0
0.521144463059061,0.085,0.0,0,1,0.856794425087108,0
0.5211430436600131,0.0,1.0,0,18,0.856794425087108,0
0.5211412640781702,0.001,1.0,0,12,0.856794425087108,0
0.5211404977521452,0.02,0.0,0,8,0.856794425087108,0
0.5211404391882328,0.047,0.0,0,3,0.856794425087108,0
0.5211403735066922,0.008,0.0,0,10,0.856794425087108,0
0.5211380940264893,0.035,0.0,0,4,0.856794425087108,0
0.5211380896042545,0.033,0.0,0,5,0.856794425087108,0
0.5211380894872539,0.02,0.0,0,7,0.856794425087108,0
0.5211380894681323,0.0,1.0,0,19,0.856794425087108,0
0.5211380890357593,0.027999999999999997,0.0,0,6,0.856794425087108,0
rank_index,time,class,failures,ranking,nfpa,failure_metric
0.5211751648677434,0.0,1.0,0,14,0.8633053221288516,0
0.5211671276746428,0.013000000000000001,0.0,0,5,0.8633053221288516,0
0.521158944737071,0.003,1.0,0,10,0.8633053221288516,0
0.5211555471197316,0.001,1.0,0,13,0.8633053221288516,0
0.5211553300767856,0.001,1.0,0,12,0.8633053221288516,0
0.5211535549500959,0.008,0.0,0,7,0.8633053221288516,0
0.5211508768404112,0.0,1.0,0,16,0.8633053221288516,0
0.5211430389127514,0.002,1.0,0,11,0.8633053221288516,0
0.521141259894795,0.0,1.0,0,17,0.8633053221288516,0
0.5211404926413314,0.006999999999999999,0.0,0,8,0.8633053221288516,0
0.5211404379076885,0.037000000000000005,0.0,0,2,0.8633053221288516,0
0.521140370095904,0.004,1.0,0,9,0.8633053221288516,0
0.5211380940200921,0.028999999999999998,0.0,0,4,0.8633053221288516,0
0.5211380896035803,0.012,0.0,0,6,0.8633053221288516,0
0.5211380894867006,0.102,0.0,0,1,0.8633053221288516,0
0.5211380894674656,0.0,1.0,0,15,0.8633053221288516,0
0.52113808903573,0.033,0.0,0,3,0.8633053221288516,0
rank_index,time,class,failures,ranking,nfpa,failure_metric
0.5211751727884146,0.001,1.0,0,14,0.826932195353248,0
0.5211617168125554,0.002,1.0,0,11,0.826932195353248,0
0.5211589773844738,0.004,1.0,0,9,0.826932195353248,0
0.5211555609935705,0.001,1.0,0,13,0.826932195353248,0
0.5211553378585682,0.001,1.0,0,12,0.826932195353248,0
0.5211508850561349,0.0,1.0,0,16,0.826932195353248,0
0.5211468998148031,0.08,0.0,0,1,0.826932195353248,0
0.5211445125417424,0.078,0.0,0,2,0.826932195353248,0
0.5211430400534289,0.001,1.0,0,15,0.826932195353248,0
0.5211412623334882,0.0,1.0,0,17,0.826932195353248,0
0.5211404970507897,0.005,0.0,0,8,0.826932195353248,0
0.5211404411272161,0.03,0.0,0,3,0.826932195353248,0
0.5211403715592933,0.003,1.0,0,10,0.826932195353248,0
0.5211380940266997,0.015,0.0,0,6,0.826932195353248,0
0.521138089605066,0.027000000000000003,0.0,0,4,0.826932195353248,0
0.5211380894835599,0.015,0.0,0,7,0.826932195353248,0
0.5211380894677407,0.0,1.0,0,18,0.826932195353248,0
0.5211380890357351,0.023,0.0,0,5,0.826932195353248,0
rank_index,time,class,failures,ranking,nfpa,failure_metric
0.5211751740286628,0.0,1.0,0,17,0.8501659554291133,0
0.5211613136001086,0.001,1.0,0,13,0.8501659554291133,0
0.5211589777925697,0.001,1.0,0,10,0.8501659554291133,0
0.5211555599928457,0.0,1.0,0,14,0.8501659554291133,0
0.5211553351580145,0.001,1.0,0,11,0.8501659554291133,0
0.5211508878978846,0.0,1.0,0,15,0.8501659554291133,0
0.5211468456925885,0.075,0.0,0,1,0.8501659554291133,0
0.5211444744646728,0.073,0.0,0,2,0.8501659554291133,0
0.5211430425229135,0.001,1.0,0,12,0.8501659554291133,0
0.5211412632787953,0.0,1.0,0,16,0.8501659554291133,0
0.5211404978957905,0.005,0.0,0,8,0.8501659554291133,0
0.5211404426849288,0.033,0.0,0,3,0.8501659554291133,0
0.5211403723237243,0.003,1.0,0,9,0.8501659554291133,0
0.5211380940321473,0.011000000000000001,0.0,0,7,0.8501659554291133,0
0.5211380896044028,0.033,0.0,0,4,0.8501659554291133,0
0.5211380894873057,0.016,0.0,0,6,0.8501659554291133,0
0.5211380894678553,0.0,1.0,0,18,0.8501659554291133,0
0.5211380890357897,0.024,0.0,0,5,0.8501659554291133,0
rank_index,time,class,failures,ranking,nfpa,failure_metric
0.5211751791183784,0.0,1.0,0,13,0.8487394957983193,0
0.5211589787327054,0.003,1.0,0,9,0.8487394957983193,0
0.5211555596478112,0.0,1.0,0,15,0.8487394957983193,0
0.5211553371873979,0.0,1.0,0,16,0.8487394957983193,0
0.5211508864473854,0.001,1.0,0,12,0.8487394957983193,0
0.521146846666371,0.073,0.0,0,2,0.8487394957983193,0
0.5211444765544752,0.077,0.0,0,1,0.8487394957983193,0
0.5211430427923012,0.002,1.0,0,11,0.8487394957983193,0
0.521141262195345,0.0,1.0,0,17,0.8487394957983193,0
0.521140498500688,0.005,0.0,0,8,0.8487394957983193,0
0.5211404418913678,0.033,0.0,0,3,0.8487394957983193,0
0.5211403720781532,0.003,1.0,0,10,0.8487394957983193,0
0.5211380940341339,0.012,0.0,0,7,0.8487394957983193,0
0.5211380896042039,0.031,0.0,0,4,0.8487394957983193,0
0.5211380894873842,0.013999999999999999,0.0,0,6,0.8487394957983193,0
0.521138089468005,0.0,1.0,0,14,0.8487394957983193,0
0.5211380890357747,0.025,0.0,0,5,0.8487394957983193,0
rank_index,time,class,failures,ranking,nfpa,failure_metric
0.5211807317884795,0.0,1.0,0,22,0.8910730804810361,0
0.5211762336081522,0.0,1.0,0,17,0.8910730804810361,0
0.5211757472018675,0.0,1.0,0,16,0.8910730804810361,0
0.5211717073752147,0.0,1.0,0,23,0.8910730804810361,0
0.5211681005795034,0.0,1.0,0,20,0.8910730804810361,0
0.5211595365092627,0.001,1.0,0,11,0.8910730804810361,0
0.5211560730329613,0.0,1.0,0,15,0.8910730804810361,0
0.5211551973433658,0.001,1.0,0,13,0.8910730804810361,0
0.5211537053605935,0.004,1.0,0,9,0.8910730804810361,0
0.5211513001571405,0.0,1.0,0,18,0.8910730804810361,0
0.521147157853997,0.077,0.0,0,1,0.8910730804810361,0
0.5211447119669412,0.077,0.0,0,2,0.8910730804810361,0
0.5211432311808913,0.001,1.0,0,12,0.8910730804810361,0
0.5211407038333847,0.0,1.0,0,19,0.8910730804810361,0
0.5211405941527937,0.006,0.0,0,8,0.8910730804810361,0
0.5211405367033667,0.031,0.0,0,4,0.8910730804810361,0
0.5211404640336346,0.003,1.0,0,10,0.8910730804810361,0
0.521140102885005,0.0,1.0,0,14,0.8910730804810361,0
0.5211380942466642,0.028999999999999998,0.0,0,6,0.8910730804810361,0
0.5211380895083452,0.012,0.0,0,7,0.8910730804810361,0
0.5211380894878181,0.0,1.0,0,21,0.8910730804810361,0
0.5211380891901136,0.04,0.0,0,3,0.8910730804810361,0
0.5211380890497308,0.031,0.0,0,5,0.8910730804810361,0
rank_index,time,class,failures,ranking,nfpa,failure_metric
0.5211751738623054,0.0,1.0,0,16,0.8553816974869607,0
0.5211621375192241,0.003,1.0,0,10,0.8553816974869607,0
0.5211589806834662,0.001,1.0,0,13,0.8553816974869607,0
0.5211555609859343,0.0,1.0,0,15,0.8553816974869607,0
0.5211548020388014,0.002,1.0,0,11,0.8553816974869607,0
0.5211508860424914,0.0,1.0,0,17,0.8553816974869607,0
0.5211468488568307,0.09300000000000001,0.0,0,1,0.8553816974869607,0
0.521144477179585,0.077,0.0,0,2,0.8553816974869607,0
0.5211430412296439,0.002,1.0,0,12,0.8553816974869607,0
0.5211407081233248,0.001,1.0,0,14,0.8553816974869607,0
0.5211404975270544,0.016,0.0,0,8,0.8553816974869607,0
0.5211404426725054,0.066,0.0,0,3,0.8553816974869607,0
0.5211403727021324,0.003,1.0,0,9,0.8553816974869607,0
0.5211380940278414,0.039,0.0,0,6,0.8553816974869607,0
0.5211380894875662,0.044000000000000004,0.0,0,4,0.8553816974869607,0
0.5211380894678586,0.0,1.0,0,18,0.8553816974869607,0
0.5211380891877786,0.033,0.0,0,7,0.8553816974869607,0
0.5211380890482904,0.04,0.0,0,5,0.8553816974869607,0
rank_index,time,class,failures,ranking,nfpa,failure_metric
0.5211751915699888,0.0,1.0,0,17,0.8396761133603236,0
0.5211613299970876,0.001,1.0,0,13,0.8396761133603236,0
0.5211589950283093,0.003,1.0,0,9,0.8396761133603236,0
0.5211555755153789,0.0,1.0,0,15,0.8396761133603236,0
0.5211548092671052,0.001,1.0,0,12,0.8396761133603236,0
0.521153674991089,0.011000000000000001,0.0,0,7,0.8396761133603236,0
0.5211509006646393,0.001,1.0,0,11,0.8396761133603236,0
0.5211468428788395,0.077,0.0,0,1,0.8396761133603236,0
0.5211444814947856,0.002,1.0,0,10,0.8396761133603236,0
0.5211430468015946,0.001,1.0,0,14,0.8396761133603236,0
0.521140709783423,0.0,1.0,0,18,0.8396761133603236,0
0.5211404984803133,0.004,1.0,0,8,0.8396761133603236,0
0.5211404380893371,0.03,0.0,0,4,0.8396761133603236,0
0.5211403749869277,0.0,1.0,0,16,0.8396761133603236,0
0.5211380940282441,0.025,0.0,0,6,0.8396761133603236,0
0.5211380894867133,0.043,0.0,0,3,0.8396761133603236,0
0.521138089188187,0.062,0.0,0,2,0.8396761133603236,0
0.52113808911015,0.0,1.0,0,19,0.8396761133603236,0
0.5211380890482954,0.026000000000000002,0.0,0,5,0.8396761133603236,0
rank_index,time,class,failures,ranking,nfpa,failure_metric
0.5211614284042391,0.001,1.0,0,4,0.7692307692307693,0
0.5211536452730329,0.001,1.0,0,3,0.7692307692307693,0
0.521143078826369,0.077,0.0,0,2,0.7692307692307693,0
0.5211407276335955,0.0,1.0,0,5,0.7692307692307693,0
0.5211380891677111,0.114,0.0,0,1,0.7692307692307693,0
0.5211380890929671,0.0,1.0,0,6,0.7692307692307693,0
rank_index,time,class,failures,ranking,nfpa,failure_metric
0.5211712073723103,0.0,1.0,0,15,0.8596491228070173,0
0.5211593885249497,0.004,1.0,0,10,0.8596491228070173,0
0.5211559340636382,0.0,1.0,0,18,0.8596491228070173,0
0.5211551611167542,0.001,1.0,0,12,0.8596491228070173,0
0.5211537305275281,0.004,1.0,0,9,0.8596491228070173,0
0.5211511891843039,0.0,1.0,0,17,0.8596491228070173,0
0.5211470746148097,0.065,0.0,0,2,0.8596491228070173,0
0.5211446878468486,0.087,0.0,0,1,0.8596491228070173,0
0.5211407429856977,0.0,1.0,0,16,0.8596491228070173,0
0.5211405692365291,0.019,0.0,0,6,0.8596491228070173,0
0.5211405123151172,0.016,0.0,0,7,0.8596491228070173,0
0.5211404402703099,0.003,1.0,0,11,0.8596491228070173,0
0.5211395417486102,0.0,1.0,0,13,0.8596491228070173,0
0.521138090549925,0.015,0.0,0,8,0.8596491228070173,0
0.5211380895014032,0.047,0.0,0,4,0.8596491228070173,0
0.5211380891679237,0.048,0.0,0,3,0.8596491228070173,0
0.5211380890945441,0.0,1.0,0,14,0.8596491228070173,0
0.5211380890461244,0.026000000000000002,0.0,0,5,0.8596491228070173,0
rank_index,time,class,failures,ranking,nfpa,failure_metric
0.5211768586011009,0.001,1.0,0,15,0.8361001317523059,0
0.5211760342241591,0.0,1.0,0,17,0.8361001317523059,0
0.5211680190896647,0.001,1.0,0,13,0.8361001317523059,0
0.5211631808663175,0.001,1.0,0,12,0.8361001317523059,0
0.521161662153356,0.001,1.0,0,16,0.8361001317523059,0
0.5211590069859449,0.003,1.0,0,10,0.8361001317523059,0
0.5211555890065315,0.0,1.0,0,20,0.8361001317523059,0
0.521154824228511,0.0,1.0,0,18,0.8361001317523059,0
0.5211535909324828,0.011000000000000001,0.0,0,8,0.8361001317523059,0
0.5211509098701713,0.001,1.0,0,14,0.8361001317523059,0
0.5211468701180958,0.084,0.0,0,1,0.8361001317523059,0
0.521144484155474,0.08,0.0,0,2,0.8361001317523059,0
0.5211407134041096,0.0,1.0,0,19,0.8361001317523059,0
0.5211404996859759,0.013999999999999999,0.0,0,7,0.8361001317523059,0
0.5211404503056185,0.02,0.0,0,6,0.8361001317523059,0
0.5211403851022851,0.003,1.0,0,11,0.8361001317523059,0
0.5211395544063838,0.0,1.0,0,21,0.8361001317523059,0
0.5211380905088052,0.021,0.0,0,5,0.8361001317523059,0
0.5211380894871436,0.011000000000000001,0.0,0,9,0.8361001317523059,0
0.5211380891669009,0.066,0.0,0,3,0.8361001317523059,0
0.521138089069351,0.0,1.0,0,22,0.8361001317523059,0
0.521138089046221,0.037000000000000005,0.0,0,4,0.8361001317523059,0
rank_index,time,class,failures,ranking,nfpa,failure_metric
0.5211706436320497,0.0,1.0,0,15,0.8293029871977242,0
0.5211589695237645,0.004,1.0,0,10,0.8293029871977242,0
0.5211564858931029,0.0,1.0,0,18,0.8293029871977242,0
0.521154795298127,0.002,1.0,0,12,0.8293029871977242,0
0.5211535522159126,0.01,0.0,0,7,0.8293029871977242,0
0.5211508808158214,0.001,1.0,0,13,0.8293029871977242,0
0.5211468379780095,0.077,0.0,0,2,0.8293029871977242,0
0.5211444700694483,0.079,0.0,0,1,0.8293029871977242,0
0.521140706476591,0.0,1.0,0,16,0.8293029871977242,0
0.5211404957625126,0.006999999999999999,0.0,0,8,0.8293029871977242,0
0.5211404445394837,0.05,0.0,0,4,0.8293029871977242,0
0.5211403789779455,0.003,1.0,0,11,0.8293029871977242,0
0.5211395511168359,0.001,1.0,0,14,0.8293029871977242,0
0.5211380905036602,0.006,0.0,0,9,0.8293029871977242,0
0.5211380894873617,0.040999999999999995,0.0,0,5,0.8293029871977242,0
0.5211380891661481,0.064,0.0,0,3,0.8293029871977242,0
0.5211380890691621,0.0,1.0,0,17,0.8293029871977242,0
0.5211380890460184,0.03,0.0,0,6,0.8293029871977242,0
rank_index,time,class,failures,ranking,nfpa,failure_metric
0.5211764307277207,0.002,1.0,0,13,0.8495388669301712,0
0.5211753455957298,0.0,1.0,0,20,0.8495388669301712,0
0.5211672821499977,0.002,1.0,0,12,0.8495388669301712,0
0.5211614601168649,0.001,1.0,0,14,0.8495388669301712,0
0.5211608830892059,0.0,1.0,0,17,0.8495388669301712,0
0.5211590024818838,0.002,1.0,0,11,0.8495388669301712,0
0.5211565176709858,0.001,1.0,0,16,0.8495388669301712,0
0.5211548175909921,0.0,1.0,0,18,0.8495388669301712,0
0.5211535784681769,0.013999999999999999,0.0,0,7,0.8495388669301712,0
0.521150904973355,0.0,1.0,0,19,0.8495388669301712,0
0.5211468609659792,0.068,0.0,0,1,0.8495388669301712,0
0.5211444855818609,0.066,0.0,0,2,0.8495388669301712,0
0.521140711781524,0.0,1.0,0,22,0.8495388669301712,0
0.5211405019453551,0.005,0.0,0,9,0.8495388669301712,0
0.5211404425921335,0.027000000000000003,0.0,0,5,0.8495388669301712,0
0.5211403841350556,0.004,1.0,0,10,0.8495388669301712,0
0.5211395542230113,0.001,1.0,0,15,0.8495388669301712,0
0.52113809050955,0.006,0.0,0,8,0.8495388669301712,0
0.52113808948721,0.034,0.0,0,4,0.8495388669301712,0
0.5211380891666043,0.049,0.0,0,3,0.8495388669301712,0
0.5211380890693385,0.0,1.0,0,21,0.8495388669301712,0
0.5211380890461565,0.023,0.0,0,6,0.8495388669301712,0
rank_index,time,class,failures,ranking,nfpa,failure_metric
0.5211767268687971,0.001,1.0,0,10,0.8403361344537815,0
0.5211671415631025,0.012,0.0,0,6,0.8403361344537815,0
0.5211594016952953,0.005,0.0,0,9,0.8403361344537815,0
0.5211568897693074,0.0,1.0,0,17,0.8403361344537815,0
0.5211551709093419,0.001,1.0,0,11,0.8403361344537815,0
0.5211539141140206,0.005,0.0,0,8,0.8403361344537815,0
0.5211511989541014,0.001,1.0,0,12,0.8403361344537815,0
0.5211407105931148,0.0,1.0,0,14,0.8403361344537815,0
0.5211405700817888,0.011000000000000001,0.0,0,7,0.8403361344537815,0
0.5211405144779835,0.027000000000000003,0.0,0,4,0.8403361344537815,0
0.5211404486366857,0.001,1.0,0,13,0.8403361344537815,0
0.5211395965766245,0.0,1.0,0,16,0.8403361344537815,0
0.5211380905545226,0.023,0.0,0,5,0.8403361344537815,0
0.5211380892453499,0.12,0.0,0,1,0.8403361344537815,0
0.521138089172125,0.048,0.0,0,2,0.8403361344537815,0
0.5211380890717606,0.0,1.0,0,15,0.8403361344537815,0
0.5211380890479361,0.027999999999999997,0.0,0,3,0.8403361344537815,0
rank_index,time,class,failures,ranking,nfpa,failure_metric
0.521176308619576,0.001,1.0,0,11,0.8506401137980085,0
0.5211589862204464,0.013999999999999999,0.0,0,7,0.8506401137980085,0
0.5211566330520501,0.0,1.0,0,18,0.8506401137980085,0
0.5211565023727671,0.0,1.0,0,14,0.8506401137980085,0
0.5211548074741926,0.0,1.0,0,16,0.8506401137980085,0
0.5211508939787608,0.001,1.0,0,12,0.8506401137980085,0
0.5211471557116741,0.07,0.0,0,3,0.8506401137980085,0
0.521144713689069,0.079,0.0,0,2,0.8506401137980085,0
0.5211406691413223,0.0,1.0,0,15,0.8506401137980085,0
0.5211404990716335,0.013999999999999999,0.0,0,8,0.8506401137980085,0
0.5211404454960411,0.009000000000000001,0.0,0,9,0.8506401137980085,0
0.5211403820479461,0.001,1.0,0,13,0.8506401137980085,0
0.5211395527694767,0.001,1.0,0,10,0.8506401137980085,0
0.5211380905052145,0.033,0.0,0,6,0.8506401137980085,0
0.5211380892449775,0.062,0.0,0,4,0.8506401137980085,0
0.5211380891666273,0.048,0.0,0,5,0.8506401137980085,0
0.521138089059375,0.0,1.0,0,17,0.8506401137980085,0
0.5211380890461246,0.156,0.0,0,1,0.8506401137980085,0
rank_index,time,class,failures,ranking,nfpa,failure_metric
0.5211762964149679,0.001,1.0,0,13,0.8036984352773828,0
0.5211589614803699,0.004,1.0,0,7,0.8036984352773828,0
0.5211564907371435,0.0,1.0,0,16,0.8036984352773828,0
0.5211561296515348,0.004,1.0,0,9,0.8036984352773828,0
0.521154798672726,0.0,1.0,0,15,0.8036984352773828,0
0.5211508863969869,0.001,1.0,0,11,0.8036984352773828,0
0.5211468501359273,0.07200000000000001,0.0,0,1,0.8036984352773828,0
0.521144473922499,0.071,0.0,0,2,0.8036984352773828,0
0.5211406668210012,0.0,1.0,0,18,0.8036984352773828,0
0.521140495816573,0.003,1.0,0,10,0.8036984352773828,0
0.5211404464525088,0.034,0.0,0,5,0.8036984352773828,0
0.5211403805268621,0.004,1.0,0,8,0.8036984352773828,0
0.5211395509514162,0.001,1.0,0,14,0.8036984352773828,0
0.5211380905028717,0.001,1.0,0,12,0.8036984352773828,0
0.5211380892461669,0.04,0.0,0,4,0.8036984352773828,0
0.5211380891664995,0.049,0.0,0,3,0.8036984352773828,0
0.5211380890454232,0.009000000000000001,0.0,0,6,0.8036984352773828,0
0.5211380890255363,0.0,1.0,0,17,0.8036984352773828,0
rank_index,time,class,failures,ranking,nfpa,failure_metric
0.5211764026606968,0.002,1.0,0,11,0.8067226890756302,0
0.5211674915265412,0.013000000000000001,0.0,0,5,0.8067226890756302,0
0.5211590794865273,0.006,0.0,0,6,0.8067226890756302,0
0.5211565879318496,0.0,1.0,0,14,0.8067226890756302,0
0.5211548864273492,0.0,1.0,0,15,0.8067226890756302,0
0.5211538498142034,0.005,0.0,0,8,0.8067226890756302,0
0.5211509607448851,0.0,1.0,0,12,0.8067226890756302,0
0.52114068674056,0.0,1.0,0,13,0.8067226890756302,0
0.5211404592838583,0.03,0.0,0,3,0.8067226890756302,0
0.5211403968197161,0.004,1.0,0,9,0.8067226890756302,0
0.5211402431193635,0.006,0.0,0,7,0.8067226890756302,0
0.5211395623278614,0.0,1.0,0,17,0.8067226890756302,0
0.5211380905187574,0.002,1.0,0,10,0.8067226890756302,0
0.521138089248629,0.09699999999999999,0.0,0,1,0.8067226890756302,0
0.521138089134174,0.057999999999999996,0.0,0,2,0.8067226890756302,0
0.5211380890465988,0.017,0.0,0,4,0.8067226890756302,0
0.5211380890258228,0.0,1.0,0,16,0.8067226890756302,0
rank_index,time,class,failures,ranking,nfpa,failure_metric
0.5211762986356278,0.001,1.0,0,12,0.8278745644599304,0
0.5211762300536834,0.0,1.0,0,16,0.8278745644599304,0
0.5211671285232733,0.001,1.0,0,11,0.8278745644599304,0
0.5211589717232872,0.005,0.0,0,8,0.8278745644599304,0
0.5211564918244053,0.0,1.0,0,17,0.8278745644599304,0
0.5211547979841107,0.001,1.0,0,14,0.8278745644599304,0
0.5211535632888566,0.004,1.0,0,9,0.8278745644599304,0
0.5211508842610217,0.0,1.0,0,20,0.8278745644599304,0
0.521146970356626,0.073,0.0,0,1,0.8278745644599304,0
0.5211445701663974,0.028999999999999998,0.0,0,4,0.8278745644599304,0
0.5211406672686715,0.0,1.0,0,19,0.8278745644599304,0
0.52114044303359,0.019,0.0,0,6,0.8278745644599304,0
0.5211403791038192,0.004,1.0,0,10,0.8278745644599304,0
0.521140257701609,0.006999999999999999,0.0,0,7,0.8278745644599304,0
0.5211395516088911,0.001,1.0,0,15,0.8278745644599304,0
0.5211380905068531,0.001,1.0,0,13,0.8278745644599304,0
0.5211380892453427,0.04,0.0,0,3,0.8278745644599304,0
0.5211380891663211,0.059000000000000004,0.0,0,2,0.8278745644599304,0
0.5211380890461469,0.025,0.0,0,5,0.8278745644599304,0
0.5211380890255429,0.0,1.0,0,18,0.8278745644599304,0
rank_index,time,class,failures,ranking,nfpa,failure_metric
0.5211763927734163,0.001,1.0,0,13,0.8624940730203889,0
0.5211590674292311,0.002,1.0,0,9,0.8624940730203889,0
0.5211565780186567,0.0,1.0,0,16,0.8624940730203889,0
0.52115651738053,0.002,1.0,0,11,0.8624940730203889,0
0.521154879540645,0.001,1.0,0,14,0.8624940730203889,0
0.5211509541733632,0.0,1.0,0,17,0.8624940730203889,0
0.5211468973191475,0.073,0.0,0,1,0.8624940730203889,0
0.5211445371929012,0.027000000000000003,0.0,0,6,0.8624940730203889,0
0.5211406840954722,0.0,1.0,0,18,0.8624940730203889,0
0.5211404599324949,0.019,0.0,0,7,0.8624940730203889,0
0.5211403949523525,0.002,1.0,0,10,0.8624940730203889,0
0.5211402722155246,0.006,0.0,0,8,0.8624940730203889,0
0.521139561467433,0.001,1.0,0,12,0.8624940730203889,0
0.5211380905173403,0.027999999999999997,0.0,0,5,0.8624940730203889,0
0.5211380892483971,0.06,0.0,0,2,0.8624940730203889,0
0.5211380891675622,0.048,0.0,0,3,0.8624940730203889,0
0.5211380890456409,0.028999999999999998,0.0,0,4,0.8624940730203889,0
0.5211380890257978,0.0,1.0,0,15,0.8624940730203889,0
rank_index,time,class,failures,ranking,nfpa,failure_metric
0.5211763378190335,0.001,1.0,0,13,0.848987854251012,0
0.5211754605454241,0.0,1.0,0,17,0.848987854251012,0
0.5211590165606049,0.003,1.0,0,11,0.848987854251012,0
0.5211565268115917,0.0,1.0,0,18,0.848987854251012,0
0.5211548297560993,0.001,1.0,0,14,0.848987854251012,0
0.5211537709268212,0.004,1.0,0,8,0.848987854251012,0
0.5211509161172259,0.0,1.0,0,15,0.848987854251012,0
0.521144516956492,0.084,0.0,0,1,0.848987854251012,0
0.5211429363017818,0.077,0.0,0,2,0.848987854251012,0
0.5211406749809853,0.0,1.0,0,16,0.848987854251012,0
0.5211404512502761,0.017,0.0,0,7,0.848987854251012,0
0.521140386529705,0.004,1.0,0,9,0.848987854251012,0
0.5211402643211261,0.004,1.0,0,10,0.848987854251012,0
0.5211395555009394,0.001,1.0,0,12,0.848987854251012,0
0.5211380905078976,0.03,0.0,0,5,0.848987854251012,0
0.5211380892468939,0.05,0.0,0,4,0.848987854251012,0
0.5211380891669906,0.055,0.0,0,3,0.848987854251012,0
0.521138089046236,0.028999999999999998,0.0,0,6,0.848987854251012,0
0.5211380890256332,0.0,1.0,0,19,0.848987854251012,0
rank_index,time,class,failures,ranking,nfpa,failure_metric
0.5211763004991125,0.001,1.0,0,12,0.8084400189663349,0
0.5211589754845364,0.002,1.0,0,11,0.8084400189663349,0
0.5211564943960599,0.0,1.0,0,15,0.8084400189663349,0
0.5211562687277453,0.003,1.0,0,9,0.8084400189663349,0
0.5211547992975958,0.001,1.0,0,13,0.8084400189663349,0
0.5211508858488504,0.0,1.0,0,16,0.8084400189663349,0
0.521146847756113,0.083,0.0,0,1,0.8084400189663349,0
0.5211444732958247,0.068,0.0,0,2,0.8084400189663349,0
0.5211406678018274,0.0,1.0,0,14,0.8084400189663349,0
0.5211404458879364,0.027000000000000003,0.0,0,5,0.8084400189663349,0
0.5211403798026272,0.005,0.0,0,7,0.8084400189663349,0
0.5211402587875956,0.005,0.0,0,8,0.8084400189663349,0
0.5211395511581363,0.0,1.0,0,17,0.8084400189663349,0
0.5211380905036009,0.002,1.0,0,10,0.8084400189663349,0
0.5211380892464366,0.067,0.0,0,3,0.8084400189663349,0
0.5211380891664116,0.055,0.0,0,4,0.8084400189663349,0
0.5211380890460794,0.021,0.0,0,6,0.8084400189663349,0
0.5211380890255425,0.0,1.0,0,18,0.8084400189663349,0
rank_index,time,class,failures,ranking,nfpa,failure_metric
0.5211766237875048,0.001,1.0,0,13,0.7899478425794216,0
0.5211593047276976,0.006,0.0,0,7,0.7899478425794216,0
0.521156799306844,0.001,1.0,0,12,0.7899478425794216,0
0.5211564296845109,0.004,1.0,0,10,0.7899478425794216,0
0.5211550840448413,0.001,1.0,0,14,0.7899478425794216,0
0.5211511282647822,0.0,1.0,0,16,0.7899478425794216,0
0.5211470224634558,0.08199999999999999,0.0,0,1,0.7899478425794216,0
0.5211446168915306,0.08,0.0,0,2,0.7899478425794216,0
0.5211406684552741,0.0,1.0,0,17,0.7899478425794216,0
0.5211404980578181,0.018000000000000002,0.0,0,5,0.7899478425794216,0
0.5211404328875083,0.005,0.0,0,9,0.7899478425794216,0
0.5211403089689136,0.01,0.0,0,6,0.7899478425794216,0
0.521139586069989,0.001,1.0,0,15,0.7899478425794216,0
0.5211380905436912,0.003,1.0,0,11,0.7899478425794216,0
0.5211380892522903,0.042,0.0,0,4,0.7899478425794216,0
0.5211380891654048,0.06,0.0,0,3,0.7899478425794216,0
0.5211380890475014,0.006,0.0,0,8,0.7899478425794216,0
0.5211380890255369,0.0,1.0,0,18,0.7899478425794216,0
rank_index,time,class,failures,ranking,nfpa,failure_metric
0.5211763252294492,0.001,1.0,0,12,0.8259838786154576,0
0.5211589979662745,0.003,1.0,0,8,0.8259838786154576,0
0.5211565117222855,0.0,1.0,0,16,0.8259838786154576,0
0.5211561480843888,0.002,1.0,0,10,0.8259838786154576,0
0.5211548204025587,0.001,1.0,0,11,0.8259838786154576,0
0.5211509050362935,0.0,1.0,0,15,0.8259838786154576,0
0.5211468561054701,0.08199999999999999,0.0,0,1,0.8259838786154576,0
0.5211444833730545,0.001,1.0,0,13,0.8259838786154576,0
0.5211406720095142,0.0,1.0,0,17,0.8259838786154576,0
0.5211404491664038,0.039,0.0,0,3,0.8259838786154576,0
0.5211403835230158,0.004,1.0,0,7,0.8259838786154576,0
0.521140261302956,0.002,1.0,0,9,0.8259838786154576,0
0.5211395540727124,0.001,1.0,0,14,0.8259838786154576,0
0.521138090509425,0.009000000000000001,0.0,0,6,0.8259838786154576,0
0.5211380892470734,0.035,0.0,0,4,0.8259838786154576,0
0.521138089166638,0.057999999999999996,0.0,0,2,0.8259838786154576,0
0.5211380890463024,0.035,0.0,0,5,0.8259838786154576,0
0.5211380890026736,0.0,1.0,0,18,0.8259838786154576,0
rank_index,time,class,failures,ranking,nfpa,failure_metric
0.5211763127592083,0.001,1.0,0,11,0.8442577030812326,0
0.5211682966576886,0.013999999999999999,0.0,0,5,0.8442577030812326,0
0.521158990081947,0.002,1.0,0,10,0.8442577030812326,0
0.5211565040186925,0.0,1.0,0,16,0.8442577030812326,0
0.5211548086334392,0.0,1.0,0,14,0.8442577030812326,0
0.5211537199143785,0.009000000000000001,0.0,0,6,0.8442577030812326,0
0.5211508941683975,0.0,1.0,0,17,0.8442577030812326,0
0.521140669963159,0.001,1.0,0,13,0.8442577030812326,0
0.521140443250154,0.038,0.0,0,3,0.8442577030812326,0
0.5211403813542402,0.005,0.0,0,9,0.8442577030812326,0
0.5211402613318116,0.006,0.0,0,8,0.8442577030812326,0
0.5211395528669632,0.001,1.0,0,12,0.8442577030812326,0
0.5211380905077643,0.008,0.0,0,7,0.8442577030812326,0
0.5211380892469701,0.09699999999999999,0.0,0,1,0.8442577030812326,0
0.5211380891331039,0.057999999999999996,0.0,0,2,0.8442577030812326,0
0.5211380890460909,0.034,0.0,0,4,0.8442577030812326,0
0.5211380890026658,0.0,1.0,0,15,0.8442577030812326,0
rank_index,time,class,failures,ranking,nfpa,failure_metric
0.5211762910875201,0.001,1.0,0,14,0.8473210052157423,0
0.5211589746516546,0.003,1.0,0,9,0.8473210052157423,0
0.5211564871552554,0.0,1.0,0,18,0.8473210052157423,0
0.5211562405247048,0.002,1.0,0,12,0.8473210052157423,0
0.5211547912341581,0.0,1.0,0,17,0.8473210052157423,0
0.5211508833688617,0.001,1.0,0,13,0.8473210052157423,0
0.5211469113881899,0.071,0.0,0,2,0.8473210052157423,0
0.5211445662667771,0.08199999999999999,0.0,0,1,0.8473210052157423,0
0.521140667374444,0.0,1.0,0,15,0.8473210052157423,0
0.5211404407322965,0.013999999999999999,0.0,0,5,0.8473210052157423,0
0.5211403793517506,0.003,1.0,0,8,0.8473210052157423,0
0.5211402573167274,0.006999999999999999,0.0,0,6,0.8473210052157423,0
0.5211395511218075,0.002,1.0,0,11,0.8473210052157423,0
0.5211380905055987,0.002,1.0,0,10,0.8473210052157423,0
0.5211380892452734,0.047,0.0,0,4,0.8473210052157423,0
0.5211380891329248,0.049,0.0,0,3,0.8473210052157423,0
0.5211380890460343,0.006,0.0,0,7,0.8473210052157423,0
0.5211380890026437,0.0,1.0,0,16,0.8473210052157423,0
rank_index,time,class,failures,ranking,nfpa,failure_metric
0.5211763196874593,0.0,1.0,0,17,0.8606271777003485,0
0.5211761821193573,0.0,1.0,0,16,0.8606271777003485,0
0.5211672652372388,0.001,1.0,0,12,0.8606271777003485,0
0.5211589906194978,0.003,1.0,0,10,0.8606271777003485,0
0.5211565101174163,0.0,1.0,0,19,0.8606271777003485,0
0.521154813425722,0.0,1.0,0,20,0.8606271777003485,0
0.5211536625450879,0.005,0.0,0,8,0.8606271777003485,0
0.5211508965109684,0.001,1.0,0,15,0.8606271777003485,0
0.5211468592416216,0.076,0.0,0,2,0.8606271777003485,0
0.5211444801651683,0.078,0.0,0,1,0.8606271777003485,0
0.5211406699680085,0.001,1.0,0,13,0.8606271777003485,0
0.5211404482456997,0.006999999999999999,0.0,0,6,0.8606271777003485,0
0.5211403825046066,0.003,1.0,0,9,0.8606271777003485,0
0.5211402605587464,0.006999999999999999,0.0,0,7,0.8606271777003485,0
0.5211395532173797,0.002,1.0,0,11,0.8606271777003485,0
0.5211380905087649,0.001,1.0,0,14,0.8606271777003485,0
0.5211380892467972,0.027999999999999997,0.0,0,4,0.8606271777003485,0
0.5211380891332352,0.059000000000000004,0.0,0,3,0.8606271777003485,0
0.5211380890392918,0.027000000000000003,0.0,0,5,0.8606271777003485,0
0.5211380890026652,0.0,1.0,0,18,0.8606271777003485,0
rank_index,time,class,failures,ranking,nfpa,failure_metric
0.5211763005617499,0.001,1.0,0,13,0.8634146341463416,0
0.521175207830851,0.0,1.0,0,19,0.8634146341463416,0
0.5211671390411695,0.001,1.0,0,14,0.8634146341463416,0
0.5211589812622736,0.002,1.0,0,11,0.8634146341463416,0
0.5211564922307085,0.001,1.0,0,15,0.8634146341463416,0
0.5211547975730806,0.0,1.0,0,20,0.8634146341463416,0
0.5211535660478676,0.01,0.0,0,7,0.8634146341463416,0
0.5211508859273175,0.001,1.0,0,17,0.8634146341463416,0
0.5211468468802004,0.08199999999999999,0.0,0,2,0.8634146341463416,0
0.5211444731845218,0.083,0.0,0,1,0.8634146341463416,0
0.5211406672529256,0.001,1.0,0,16,0.8634146341463416,0
0.5211404478065855,0.016,0.0,0,6,0.8634146341463416,0
0.5211403800009409,0.002,1.0,0,12,0.8634146341463416,0
0.5211402585782792,0.004,1.0,0,8,0.8634146341463416,0
0.5211395515332041,0.002,1.0,0,10,0.8634146341463416,0
0.5211380905072757,0.003,1.0,0,9,0.8634146341463416,0
0.5211380892469203,0.032,0.0,0,4,0.8634146341463416,0
0.5211380891329254,0.064,0.0,0,3,0.8634146341463416,0
0.5211380890366338,0.031,0.0,0,5,0.8634146341463416,0
0.5211380890026468,0.0,1.0,0,18,0.8634146341463416,0
rank_index,time,class,failures,ranking,nfpa,failure_metric
0.5211763112712041,0.0,1.0,0,14,0.8388663967611335,0
0.5211752258512241,0.0,1.0,0,17,0.8388663967611335,0
0.5211589887847653,0.005,0.0,0,7,0.8388663967611335,0
0.5211565004659608,0.0,1.0,0,18,0.8388663967611335,0
0.5211548103761628,0.001,1.0,0,11,0.8388663967611335,0
0.5211535685016024,0.0,1.0,0,15,0.8388663967611335,0
0.5211508952245452,0.001,1.0,0,12,0.8388663967611335,0
0.5211444784201172,0.08199999999999999,0.0,0,1,0.8388663967611335,0
0.5211429228839379,0.07200000000000001,0.0,0,2,0.8388663967611335,0
0.5211406700368754,0.0,1.0,0,16,0.8388663967611335,0
0.5211404472285326,0.003,1.0,0,10,0.8388663967611335,0
0.5211403817000821,0.005,0.0,0,8,0.8388663967611335,0
0.521140260065412,0.006999999999999999,0.0,0,6,0.8388663967611335,0
0.5211395524047041,0.004,1.0,0,9,0.8388663967611335,0
0.5211380905082882,0.001,1.0,0,13,0.8388663967611335,0
0.5211380892470745,0.053,0.0,0,3,0.8388663967611335,0
0.5211380891329925,0.049,0.0,0,4,0.8388663967611335,0
0.5211380890366655,0.023,0.0,0,5,0.8388663967611335,0
0.5211380890026572,0.0,1.0,0,19,0.8388663967611335,0
rank_index,time,class,failures,ranking,nfpa,failure_metric
0.5211764445168805,0.0,1.0,0,13,0.8550607287449392,0
0.5211753555805458,0.0,1.0,0,19,0.8550607287449392,0
0.5211591192088045,0.006,0.0,0,8,0.8550607287449392,0
0.5211566288461339,0.0,1.0,0,14,0.8550607287449392,0
0.5211549217552197,0.0,1.0,0,17,0.8550607287449392,0
0.5211536901509716,0.003,1.0,0,9,0.8550607287449392,0
0.5211509899800487,0.0,1.0,0,18,0.8550607287449392,0
0.5211445328196064,0.084,0.0,0,1,0.8550607287449392,0
0.5211417022843173,0.08,0.0,0,2,0.8550607287449392,0
0.5211406933492752,0.0,1.0,0,16,0.8550607287449392,0
0.5211404719909345,0.023,0.0,0,5,0.8550607287449392,0
0.5211404026624475,0.002,1.0,0,11,0.8550607287449392,0
0.5211402801673393,0.006999999999999999,0.0,0,7,0.8550607287449392,0
0.5211395664201081,0.002,1.0,0,10,0.8550607287449392,0
0.5211380905229064,0.002,1.0,0,12,0.8550607287449392,0
0.5211380892490672,0.044000000000000004,0.0,0,4,0.8550607287449392,0
0.5211380891346079,0.051,0.0,0,3,0.8550607287449392,0
0.5211380890371714,0.021,0.0,0,6,0.8550607287449392,0
0.5211380890026516,0.0,1.0,0,15,0.8550607287449392,0
rank_index,time,class,failures,ranking,nfpa,failure_metric
0.5211763259142279,0.0,1.0,0,20,0.8686411149825785,0
0.5211752455673511,0.0,1.0,0,16,0.8686411149825785,0
0.5211675910319526,0.001,1.0,0,12,0.8686411149825785,0
0.5211590001277383,0.002,1.0,0,11,0.8686411149825785,0
0.5211565183787934,0.0,1.0,0,17,0.8686411149825785,0
0.5211548231215962,0.001,1.0,0,15,0.8686411149825785,0
0.5211535859798676,0.006999999999999999,0.0,0,9,0.8686411149825785,0
0.5211509080136908,0.001,1.0,0,14,0.8686411149825785,0
0.5211444843917188,0.08199999999999999,0.0,0,2,0.8686411149825785,0
0.5211417371501819,0.084,0.0,0,1,0.8686411149825785,0
0.5211406725786105,0.0,1.0,0,19,0.8686411149825785,0
0.5211404495354943,0.03,0.0,0,6,0.8686411149825785,0
0.5211403853574373,0.004,1.0,0,10,0.8686411149825785,0
0.521140263054099,0.012,0.0,0,8,0.8686411149825785,0
0.5211395542327579,0.001,1.0,0,13,0.8686411149825785,0
0.5211380903077212,0.026000000000000002,0.0,0,7,0.8686411149825785,0
0.5211380892471037,0.046,0.0,0,4,0.8686411149825785,0
0.5211380891333554,0.057,0.0,0,3,0.8686411149825785,0
0.5211380890400629,0.033,0.0,0,5,0.8686411149825785,0
0.5211380890026758,0.0,1.0,0,18,0.8686411149825785,0
rank_index,time,class,failures,ranking,nfpa,failure_metric
0.5211763113629916,0.001,1.0,0,14,0.8404858299595142,0
0.5211589815014186,0.005,0.0,0,10,0.8404858299595142,0
0.5211568501172092,0.003,1.0,0,11,0.8404858299595142,0
0.5211564992466525,0.001,1.0,0,15,0.8404858299595142,0
0.5211548027423043,0.0,1.0,0,18,0.8404858299595142,0
0.5211508890316882,0.0,1.0,0,19,0.8404858299595142,0
0.5211490171914813,0.013000000000000001,0.0,0,7,0.8404858299595142,0
0.521144474625344,0.077,0.0,0,2,0.8404858299595142,0
0.5211417303163306,0.079,0.0,0,1,0.8404858299595142,0
0.5211406689807007,0.0,1.0,0,17,0.8404858299595142,0
0.5211404442885872,0.021,0.0,0,6,0.8404858299595142,0
0.5211403809324794,0.006,0.0,0,9,0.8404858299595142,0
0.5211402575958197,0.006999999999999999,0.0,0,8,0.8404858299595142,0
0.5211395520907001,0.002,1.0,0,13,0.8404858299595142,0
0.5211380903022734,0.002,1.0,0,12,0.8404858299595142,0
0.5211380892466408,0.057999999999999996,0.0,0,4,0.8404858299595142,0
0.5211380891330083,0.059000000000000004,0.0,0,3,0.8404858299595142,0
0.5211380890399113,0.023,0.0,0,5,0.8404858299595142,0
0.5211380890026572,0.0,1.0,0,16,0.8404858299595142,0
rank_index,time,class,failures,ranking,nfpa,failure_metric
0.5211837969759328,0.0,1.0,0,20,0.8745718050065876,0
0.5211766179432743,0.0,1.0,0,15,0.8745718050065876,0
0.5211756606824648,0.0,1.0,0,18,0.8745718050065876,0
0.5211745028374266,0.0,1.0,0,22,0.8745718050065876,0
0.5211676154741415,0.003,1.0,0,11,0.8745718050065876,0
0.5211592984649748,0.004,1.0,0,10,0.8745718050065876,0
0.5211554140296193,0.0,1.0,0,17,0.8745718050065876,0
0.5211550799909094,0.001,1.0,0,14,0.8745718050065876,0
0.5211511255855951,0.0,1.0,0,16,0.8745718050065876,0
0.5211490776343726,0.006,0.0,0,8,0.8745718050065876,0
0.521144608644333,0.078,0.0,0,1,0.8745718050065876,0
0.5211418100973447,0.073,0.0,0,2,0.8745718050065876,0
0.5211407017419818,0.0,1.0,0,19,0.8745718050065876,0
0.5211404977299778,0.018000000000000002,0.0,0,6,0.8745718050065876,0
0.5211404309874154,0.002,1.0,0,12,0.8745718050065876,0
0.5211403080172432,0.006,0.0,0,9,0.8745718050065876,0
0.5211395851930846,0.001,1.0,0,13,0.8745718050065876,0
0.5211380897308088,0.009000000000000001,0.0,0,7,0.8745718050065876,0
0.521138089252338,0.031,0.0,0,5,0.8745718050065876,0
0.5211380890951302,0.057,0.0,0,3,0.8745718050065876,0
0.5211380890411565,0.038,0.0,0,4,0.8745718050065876,0
0.5211380890028369,0.0,1.0,0,21,0.8745718050065876,0
rank_index,time,class,failures,ranking,nfpa,failure_metric
0.5211763111885656,0.0,1.0,0,15,0.8295546558704452,0
0.5211589863496121,0.005,0.0,0,10,0.8295546558704452,0
0.5211565387424333,0.003,1.0,0,11,0.8295546558704452,0
0.5211551390492686,0.0,1.0,0,16,0.8295546558704452,0
0.5211548085655524,0.001,1.0,0,13,0.8295546558704452,0
0.5211508926714581,0.0,1.0,0,17,0.8295546558704452,0
0.521149020461173,0.012,0.0,0,8,0.8295546558704452,0
0.5211444804192961,0.09,0.0,0,1,0.8295546558704452,0
0.5211417355931847,0.081,0.0,0,2,0.8295546558704452,0
0.5211406692753058,0.0,1.0,0,18,0.8295546558704452,0
0.5211404467541871,0.013000000000000001,0.0,0,7,0.8295546558704452,0
0.5211403819747061,0.002,1.0,0,12,0.8295546558704452,0
0.5211402595188916,0.006999999999999999,0.0,0,9,0.8295546558704452,0
0.5211395521538928,0.001,1.0,0,14,0.8295546558704452,0
0.5211380897140276,0.019,0.0,0,6,0.8295546558704452,0
0.5211380892470701,0.044000000000000004,0.0,0,4,0.8295546558704452,0
0.5211380890958762,0.057,0.0,0,3,0.8295546558704452,0
0.5211380890399288,0.027999999999999997,0.0,0,5,0.8295546558704452,0
0.5211380890026585,0.0,1.0,0,19,0.8295546558704452,0
rank_index,time,class,failures,ranking,nfpa,failure_metric
0.5211763366015219,0.0,1.0,0,15,0.8380566801619432,0
0.5211590098853767,0.002,1.0,0,10,0.8380566801619432,0
0.521157039046615,0.0,1.0,0,19,0.8380566801619432,0
0.5211551643658681,0.0,1.0,0,14,0.8380566801619432,0
0.5211548293657516,0.0,1.0,0,16,0.8380566801619432,0
0.521150913042298,0.001,1.0,0,11,0.8380566801619432,0
0.5211490337550406,0.01,0.0,0,7,0.8380566801619432,0
0.5211444829531522,0.068,0.0,0,1,0.8380566801619432,0
0.5211417375336704,0.066,0.0,0,2,0.8380566801619432,0
0.5211406736021758,0.0,1.0,0,17,0.8380566801619432,0
0.5211404519859812,0.015,0.0,0,5,0.8380566801619432,0
0.5211403860913666,0.004,1.0,0,8,0.8380566801619432,0
0.5211402631959214,0.003,1.0,0,9,0.8380566801619432,0
0.5211395550203338,0.001,1.0,0,13,0.8380566801619432,0
0.521138089714462,0.001,1.0,0,12,0.8380566801619432,0
0.5211380892471783,0.013999999999999999,0.0,0,6,0.8380566801619432,0
0.5211380890961077,0.047,0.0,0,3,0.8380566801619432,0
0.5211380890400421,0.022000000000000002,0.0,0,4,0.8380566801619432,0
0.5211380889894888,0.0,1.0,0,18,0.8380566801619432,0
rank_index,time,class,failures,ranking,nfpa,failure_metric
0.5211763243274874,0.0,1.0,0,16,0.8315789473684209,0
0.5211590002170835,0.004,1.0,0,9,0.8315789473684209,0
0.5211570352141233,0.001,1.0,0,14,0.8315789473684209,0
0.5211551499119722,0.0,1.0,0,17,0.8315789473684209,0
0.5211548156293699,0.001,1.0,0,13,0.8315789473684209,0
0.5211509040851224,0.001,1.0,0,12,0.8315789473684209,0
0.5211490267618053,0.013999999999999999,0.0,0,7,0.8315789473684209,0
0.5211444911484913,0.08,0.0,0,3,0.8315789473684209,0
0.5211417413171439,0.099,0.0,0,2,0.8315789473684209,0
0.5211406721176216,0.0,1.0,0,18,0.8315789473684209,0
0.5211404503311695,0.022000000000000002,0.0,0,6,0.8315789473684209,0
0.5211403836272073,0.003,1.0,0,11,0.8315789473684209,0
0.5211402633178241,0.006,0.0,0,8,0.8315789473684209,0
0.521139553965826,0.001,1.0,0,15,0.8315789473684209,0
0.521138089715075,0.004,1.0,0,10,0.8315789473684209,0
0.5211380892477296,0.049,0.0,0,4,0.8315789473684209,0
0.5211380890960717,0.185,0.0,0,1,0.8315789473684209,0
0.5211380890400416,0.032,0.0,0,5,0.8315789473684209,0
0.5211380889894252,0.0,1.0,0,19,0.8315789473684209,0
rank_index,time,class,failures,ranking,nfpa,failure_metric
0.5211763932547138,0.0,1.0,0,16,0.8627530364372468,0
0.5211590693951317,0.003,1.0,0,11,0.8627530364372468,0
0.5211571007118752,0.0,1.0,0,19,0.8627530364372468,0
0.521155213963941,0.0,1.0,0,17,0.8627530364372468,0
0.5211548839757354,0.0,1.0,0,15,0.8627530364372468,0
0.5211509549104251,0.001,1.0,0,13,0.8627530364372468,0
0.5211490704638475,0.013000000000000001,0.0,0,7,0.8627530364372468,0
0.5211445127850516,0.087,0.0,0,1,0.8627530364372468,0
0.5211417478262881,0.076,0.0,0,2,0.8627530364372468,0
0.5211406848213025,0.001,1.0,0,14,0.8627530364372468,0
0.5211404599449532,0.027000000000000003,0.0,0,6,0.8627530364372468,0
0.521140395152077,0.003,1.0,0,10,0.8627530364372468,0
0.5211402728311245,0.006999999999999999,0.0,0,9,0.8627530364372468,0
0.5211395616091529,0.002,1.0,0,12,0.8627530364372468,0
0.5211380897188617,0.012,0.0,0,8,0.8627530364372468,0
0.5211380892482993,0.049,0.0,0,4,0.8627530364372468,0
0.5211380890953565,0.049,0.0,0,3,0.8627530364372468,0
0.5211380890402553,0.035,0.0,0,5,0.8627530364372468,0
0.5211380889894304,0.0,1.0,0,18,0.8627530364372468,0
rank_index,time,class,failures,ranking,nfpa,failure_metric
0.5211763123053317,0.0,1.0,0,20,0.8616724738675959,0
0.5211758649883231,0.0,1.0,0,14,0.8616724738675959,0
0.5211678327604996,0.001,1.0,0,12,0.8616724738675959,0
0.5211589913281851,0.004,1.0,0,10,0.8616724738675959,0
0.5211551433955808,0.0,1.0,0,16,0.8616724738675959,0
0.5211548078356101,0.001,1.0,0,13,0.8616724738675959,0
0.5211508945480716,0.0,1.0,0,17,0.8616724738675959,0
0.5211490185230455,0.008,0.0,0,8,0.8616724738675959,0
0.5211444764270369,0.027000000000000003,0.0,0,5,0.8616724738675959,0
0.5211417352788977,0.08199999999999999,0.0,0,1,0.8616724738675959,0
0.5211406700679809,0.0,1.0,0,18,0.8616724738675959,0
0.5211404458528321,0.016,0.0,0,6,0.8616724738675959,0
0.5211403822699048,0.003,1.0,0,11,0.8616724738675959,0
0.5211402598451734,0.008,0.0,0,9,0.8616724738675959,0
0.5211395532118129,0.0,1.0,0,15,0.8616724738675959,0
0.521138089713935,0.013999999999999999,0.0,0,7,0.8616724738675959,0
0.5211380892466232,0.034,0.0,0,4,0.8616724738675959,0
0.5211380890959862,0.061,0.0,0,2,0.8616724738675959,0
0.5211380890279961,0.042,0.0,0,3,0.8616724738675959,0
0.5211380889894244,0.0,1.0,0,19,0.8616724738675959,0
rank_index,time,class,failures,ranking,nfpa,failure_metric
0.5211805407593477,0.0,1.0,0,14,0.8714153561517115,0
0.5211764625655484,0.0,1.0,0,16,0.8714153561517115,0
0.5211753728507047,0.0,1.0,0,18,0.8714153561517115,0
0.5211714789469973,0.0,1.0,0,15,0.8714153561517115,0
0.5211673108154318,0.001,1.0,0,11,0.8714153561517115,0
0.5211591322590037,0.003,1.0,0,10,0.8714153561517115,0
0.5211572843702144,0.0,1.0,0,19,0.8714153561517115,0
0.5211552694817908,0.0,1.0,0,21,0.8714153561517115,0
0.5211549388422391,0.0,1.0,0,17,0.8714153561517115,0
0.5211509988724196,0.0,1.0,0,23,0.8714153561517115,0
0.5211491167874875,0.011000000000000001,0.0,0,7,0.8714153561517115,0
0.5211445650891895,0.091,0.0,0,2,0.8714153561517115,0
0.5211417675388793,0.095,0.0,0,1,0.8714153561517115,0
0.5211406963618913,0.0,1.0,0,20,0.8714153561517115,0
0.5211404717184419,0.005,0.0,0,9,0.8714153561517115,0
0.5211404050316043,0.0,1.0,0,22,0.8714153561517115,0
0.5211402819540839,0.006,0.0,0,8,0.8714153561517115,0
0.5211395674804202,0.001,1.0,0,13,0.8714153561517115,0
0.5211380897213147,0.047,0.0,0,5,0.8714153561517115,0
0.5211380892498401,0.06,0.0,0,4,0.8714153561517115,0
0.5211380890969648,0.062,0.0,0,3,0.8714153561517115,0
0.521138089028372,0.031,0.0,0,6,0.8714153561517115,0
0.5211380889894246,0.001,1.0,0,12,0.8714153561517115,0
rank_index,time,class,failures,ranking,nfpa,failure_metric
0.5211762969344665,0.001,1.0,0,14,0.8465587044534411,0
0.5211671373680752,0.001,1.0,0,13,0.8465587044534411,0
0.5211589725906199,0.005,0.0,0,10,0.8465587044534411,0
0.5211551255612732,0.0,1.0,0,18,0.8465587044534411,0
0.5211547942302006,0.001,1.0,0,15,0.8465587044534411,0
0.5211508872327734,0.001,1.0,0,16,0.8465587044534411,0
0.5211490104363875,0.006,0.0,0,9,0.8465587044534411,0
0.5211444689409722,0.08,0.0,0,1,0.8465587044534411,0
0.5211417261823474,0.079,0.0,0,2,0.8465587044534411,0
0.5211406672805474,0.0,1.0,0,17,0.8465587044534411,0
0.5211404472819514,0.012,0.0,0,8,0.8465587044534411,0
0.5211403800434868,0.005,0.0,0,11,0.8465587044534411,0
0.5211402580460814,0.02,0.0,0,6,0.8465587044534411,0
0.5211395515912445,0.002,1.0,0,12,0.8465587044534411,0
0.5211380897108033,0.019,0.0,0,7,0.8465587044534411,0
0.5211380892460974,0.036000000000000004,0.0,0,4,0.8465587044534411,0
0.5211380890957827,0.057,0.0,0,3,0.8465587044534411,0
0.5211380890279602,0.032,0.0,0,5,0.8465587044534411,0
0.5211380889894229,0.0,1.0,0,19,0.8465587044534411,0
rank_index,time,class,failures,ranking,nfpa,failure_metric
0.5211800552624406,0.0,1.0,0,20,0.892923219241443,0
0.5211765588796461,0.0,1.0,0,22,0.892923219241443,0
0.5211755977986112,0.0,1.0,0,18,0.892923219241443,0
0.5211708969033582,0.0,1.0,0,19,0.892923219241443,0
0.5211674272093247,0.001,1.0,0,13,0.892923219241443,0
0.5211592398337933,0.004,1.0,0,10,0.892923219241443,0
0.5211573622887327,0.003,1.0,0,12,0.892923219241443,0
0.5211553662729369,0.0,1.0,0,23,0.892923219241443,0
0.5211550266011303,0.001,1.0,0,17,0.892923219241443,0
0.5211510817050633,0.001,1.0,0,14,0.892923219241443,0
0.5211490509875881,0.015,0.0,0,8,0.892923219241443,0
0.5211445829768283,0.08,0.0,0,3,0.892923219241443,0
0.5211417962860749,0.086,0.0,0,2,0.892923219241443,0
0.5211404901452008,0.027999999999999997,0.0,0,6,0.892923219241443,0
0.5211404232043626,0.003,1.0,0,11,0.892923219241443,0
0.5211402961832874,0.006,0.0,0,9,0.892923219241443,0
0.5211395791281189,0.001,1.0,0,15,0.892923219241443,0
0.5211390203889507,0.0,1.0,0,21,0.892923219241443,0
0.5211380897268746,0.016,0.0,0,7,0.892923219241443,0
0.5211380892518324,0.039,0.0,0,5,0.892923219241443,0
0.5211380890749777,0.063,0.0,0,4,0.892923219241443,0
0.5211380890287324,0.146,0.0,0,1,0.892923219241443,0
0.5211380889894337,0.001,1.0,0,16,0.892923219241443,0
rank_index,time,class,failures,ranking,nfpa,failure_metric
0.521176807081351,0.001,1.0,0,13,0.8481781376518217,0
0.5211673215695384,0.013000000000000001,0.0,0,4,0.8481781376518217,0
0.5211609372215186,0.0,1.0,0,19,0.8481781376518217,0
0.5211594817665338,0.005,0.0,0,7,0.8481781376518217,0
0.5211571854062068,0.0,1.0,0,18,0.8481781376518217,0
0.5211555894083588,0.0,1.0,0,14,0.8481781376518217,0
0.5211552498397721,0.0,1.0,0,16,0.8481781376518217,0
0.5211512623080962,0.001,1.0,0,10,0.8481781376518217,0
0.5211493432340804,0.006,0.0,0,6,0.8481781376518217,0
0.5211405286676302,0.001,1.0,0,11,0.8481781376518217,0
0.5211403861592167,0.003,1.0,0,9,0.8481781376518217,0
0.5211402485938819,0.006,0.0,0,5,0.8481781376518217,0
0.5211396052090119,0.001,1.0,0,12,0.8481781376518217,0
0.5211386384854014,0.0,1.0,0,15,0.8481781376518217,0
0.521138089740149,0.003,1.0,0,8,0.8481781376518217,0
0.5211380891108134,0.019,0.0,0,3,0.8481781376518217,0
0.5211380890788945,0.057999999999999996,0.0,0,1,0.8481781376518217,0
0.5211380890290402,0.027000000000000003,0.0,0,2,0.8481781376518217,0
0.5211380889894263,0.0,1.0,0,17,0.8481781376518217,0
rank_index,time,class,failures,ranking,nfpa,failure_metric
0.5211763232628526,0.0,1.0,0,14,0.8165991902834007,0
0.5211589974852913,0.003,1.0,0,11,0.8165991902834007,0
0.5211551491001577,0.0,1.0,0,13,0.8165991902834007,0
0.5211548148464171,0.0,1.0,0,16,0.8165991902834007,0
0.5211541861793872,0.003,1.0,0,12,0.8165991902834007,0
0.5211509001977871,0.0,1.0,0,15,0.8165991902834007,0
0.5211490311696843,0.012,0.0,0,8,0.8165991902834007,0
0.5211447463571126,0.079,0.0,0,2,0.8165991902834007,0
0.5211418921946667,0.08,0.0,0,1,0.8165991902834007,0
0.5211404521632069,0.03,0.0,0,6,0.8165991902834007,0
0.521140384151286,0.003,1.0,0,10,0.8165991902834007,0
0.5211402609198893,0.006,0.0,0,9,0.8165991902834007,0
0.521139553451881,0.0,1.0,0,19,0.8165991902834007,0
0.5211386269901784,0.0,1.0,0,17,0.8165991902834007,0
0.52113808971497,0.025,0.0,0,7,0.8165991902834007,0
0.5211380892009955,0.045,0.0,0,5,0.8165991902834007,0
0.5211380890757698,0.054000000000000006,0.0,0,3,0.8165991902834007,0
0.5211380890280445,0.049,0.0,0,4,0.8165991902834007,0
0.5211380889894246,0.0,1.0,0,18,0.8165991902834007,0
rank_index,time,class,failures,ranking,nfpa,failure_metric
0.5211858869320195,0.001,1.0,0,15,0.8772778584099338,0
0.5211821300346344,0.0,1.0,0,25,0.8772778584099338,0
0.5211764598097821,0.0,1.0,0,20,0.8772778584099338,0
0.5211761467233383,0.0,1.0,0,18,0.8772778584099338,0
0.5211714762259271,0.0,1.0,0,26,0.8772778584099338,0
0.5211696722042893,0.0,1.0,0,23,0.8772778584099338,0
0.5211674463659905,0.001,1.0,0,14,0.8772778584099338,0
0.5211591342419278,0.003,1.0,0,11,0.8772778584099338,0
0.5211571633247507,0.001,1.0,0,13,0.8772778584099338,0
0.5211552713327541,0.0,1.0,0,19,0.8772778584099338,0
0.5211549363212565,0.001,1.0,0,16,0.8772778584099338,0
0.5211510029845381,0.0,1.0,0,21,0.8772778584099338,0
0.5211491142814256,0.011000000000000001,0.0,0,8,0.8772778584099338,0
0.5211445409036494,0.102,0.0,0,1,0.8772778584099338,0
0.5211417691239814,0.085,0.0,0,2,0.8772778584099338,0
0.5211404693781397,0.006999999999999999,0.0,0,9,0.8772778584099338,0
0.5211404047186702,0.006999999999999999,0.0,0,10,0.8772778584099338,0
0.5211402829721772,0.013999999999999999,0.0,0,7,0.8772778584099338,0
0.521140270293385,0.0,1.0,0,17,0.8772778584099338,0
0.5211395685914404,0.002,1.0,0,12,0.8772778584099338,0
0.5211384269428746,0.0,1.0,0,24,0.8772778584099338,0
0.5211380897207277,0.052000000000000005,0.0,0,5,0.8772778584099338,0
0.5211380892125849,0.055999999999999994,0.0,0,4,0.8772778584099338,0
0.5211380890456209,0.07200000000000001,0.0,0,3,0.8772778584099338,0
0.521138089030213,0.034,0.0,0,6,0.8772778584099338,0
0.5211380889894348,0.0,1.0,0,22,0.8772778584099338,0
rank_index,time,class,failures,ranking,nfpa,failure_metric
0.5211763996629509,0.0,1.0,0,14,0.8331983805668015,0
0.5211590737362289,0.002,1.0,0,11,0.8331983805668015,0
0.5211552165242671,0.0,1.0,0,16,0.8331983805668015,0
0.5211548866750708,0.0,1.0,0,15,0.8331983805668015,0
0.5211542487694824,0.001,1.0,0,13,0.8331983805668015,0
0.5211509583135244,0.0,1.0,0,17,0.8331983805668015,0
0.521149074485265,0.011000000000000001,0.0,0,8,0.8331983805668015,0
0.5211445033038546,0.079,0.0,0,2,0.8331983805668015,0
0.5211417533424129,0.079,0.0,0,1,0.8331983805668015,0
0.5211404641037798,0.015,0.0,0,6,0.8331983805668015,0
0.521140395757215,0.004,1.0,0,10,0.8331983805668015,0
0.5211402719279549,0.005,0.0,0,9,0.8331983805668015,0
0.5211395614653802,0.001,1.0,0,12,0.8331983805668015,0
0.5211386301540102,0.0,1.0,0,19,0.8331983805668015,0
0.5211380897158369,0.013000000000000001,0.0,0,7,0.8331983805668015,0
0.5211380891109706,0.039,0.0,0,4,0.8331983805668015,0
0.5211380890761693,0.03,0.0,0,5,0.8331983805668015,0
0.5211380890282578,0.044000000000000004,0.0,0,3,0.8331983805668015,0
0.5211380889894304,0.0,1.0,0,18,0.8331983805668015,0
rank_index,time,class,failures,ranking,nfpa,failure_metric
0.5211818507368708,0.0,1.0,0,21,0.8950169327527817,0
0.5211790145067242,0.0,1.0,0,23,0.8950169327527817,0
0.5211766665315289,0.0,1.0,0,16,0.8950169327527817,0
0.5211758028031739,0.0,1.0,0,19,0.8950169327527817,0
0.5211711177620628,0.0,1.0,0,26,0.8950169327527817,0
0.5211704237118161,0.0,1.0,0,22,0.8950169327527817,0
0.5211677695943304,0.001,1.0,0,14,0.8950169327527817,0
0.5211593447479904,0.004,1.0,0,9,0.8950169327527817,0
0.5211554590579281,0.0,1.0,0,17,0.8950169327527817,0
0.5211551185370283,0.0,1.0,0,25,0.8950169327527817,0
0.5211544880257413,0.0,1.0,0,15,0.8950169327527817,0
0.5211511577983656,0.0,1.0,0,18,0.8950169327527817,0
0.5211492522643295,0.01,0.0,0,8,0.8950169327527817,0
0.5211446282592059,0.077,0.0,0,2,0.8950169327527817,0
0.5211405069701516,0.016,0.0,0,7,0.8950169327527817,0
0.5211404390108363,0.002,1.0,0,11,0.8950169327527817,0
0.5211403152487092,0.004,1.0,0,10,0.8950169327527817,0
0.5211401794240821,0.001,1.0,0,12,0.8950169327527817,0
0.521140173319793,0.086,0.0,0,1,0.8950169327527817,0
0.5211395905271842,0.001,1.0,0,13,0.8950169327527817,0
0.5211384320655892,0.0,1.0,0,24,0.8950169327527817,0
0.5211380897326667,0.031,0.0,0,6,0.8950169327527817,0
0.5211380891194161,0.036000000000000004,0.0,0,5,0.8950169327527817,0
0.5211380890308656,0.04,0.0,0,4,0.8950169327527817,0
0.5211380890220938,0.059000000000000004,0.0,0,3,0.8950169327527817,0
0.5211380889894396,0.0,1.0,0,20,0.8950169327527817,0
rank_index,time,class,failures,ranking,nfpa,failure_metric
0.5211763059573737,0.001,1.0,0,14,0.8222672064777327,0
0.5211589835521222,0.005,0.0,0,9,0.8222672064777327,0
0.5211551367723662,0.0,1.0,0,18,0.8222672064777327,0
0.5211548074703779,0.001,1.0,0,15,0.8222672064777327,0
0.5211541713377554,0.002,1.0,0,11,0.8222672064777327,0
0.5211508926076741,0.0,1.0,0,17,0.8222672064777327,0
0.5211490138829374,0.012,0.0,0,7,0.8222672064777327,0
0.5211444785610856,0.092,0.0,0,2,0.8222672064777327,0
0.5211404466906565,0.027000000000000003,0.0,0,5,0.8222672064777327,0
0.5211403817203255,0.005,0.0,0,10,0.8222672064777327,0
0.5211402594479414,0.006,0.0,0,8,0.8222672064777327,0
0.5211401588795077,0.105,0.0,0,1,0.8222672064777327,0
0.5211395521531061,0.001,1.0,0,12,0.8222672064777327,0
0.5211384232714255,0.001,1.0,0,16,0.8222672064777327,0
0.5211380897123642,0.001,1.0,0,13,0.8222672064777327,0
0.5211380891160814,0.059000000000000004,0.0,0,4,0.8222672064777327,0
0.5211380890298062,0.023,0.0,0,6,0.8222672064777327,0
0.521138089022185,0.065,0.0,0,3,0.8222672064777327,0
0.5211380889888665,0.0,1.0,0,19,0.8222672064777327,0
rank_index,time,class,failures,ranking,nfpa,failure_metric
0.5211763174689408,0.0,1.0,0,17,0.8275303643724695,0
0.5211589906204285,0.017,0.0,0,8,0.8275303643724695,0
0.5211551463956057,0.0,1.0,0,16,0.8275303643724695,0
0.5211548105101533,0.001,1.0,0,14,0.8275303643724695,0
0.5211541816407425,0.002,1.0,0,11,0.8275303643724695,0
0.521150897068464,0.001,1.0,0,13,0.8275303643724695,0
0.5211490219087059,0.011000000000000001,0.0,0,9,0.8275303643724695,0
0.5211444749500596,0.08,0.0,0,2,0.8275303643724695,0
0.5211404461538487,0.027999999999999997,0.0,0,6,0.8275303643724695,0
0.5211403821676408,0.001,1.0,0,12,0.8275303643724695,0
0.5211402612115379,0.005,0.0,0,10,0.8275303643724695,0
0.5211401568814086,0.08800000000000001,0.0,0,1,0.8275303643724695,0
0.5211395528564875,0.001,1.0,0,15,0.8275303643724695,0
0.5211384234000771,0.0,1.0,0,19,0.8275303643724695,0
0.5211380897147316,0.018000000000000002,0.0,0,7,0.8275303643724695,0
0.5211380891158897,0.038,0.0,0,4,0.8275303643724695,0
0.5211380890298891,0.031,0.0,0,5,0.8275303643724695,0
0.5211380890221775,0.064,0.0,0,3,0.8275303643724695,0
0.5211380889886399,0.0,1.0,0,18,0.8275303643724695,0
rank_index,time,class,failures,ranking,nfpa,failure_metric
0.5211708242662104,0.0,1.0,0,19,0.846153846153846,0
0.5211590125189269,0.004,1.0,0,10,0.846153846153846,0
0.5211548443412323,0.0,1.0,0,18,0.846153846153846,0
0.5211509244753497,0.0,1.0,0,17,0.846153846153846,0
0.5211490466928413,0.006,0.0,0,7,0.846153846153846,0
0.5211474710107078,0.001,1.0,0,13,0.846153846153846,0
0.5211446932393144,0.081,0.0,0,1,0.846153846153846,0
0.5211404521740091,0.034,0.0,0,5,0.846153846153846,0
0.5211403888185879,0.002,1.0,0,11,0.846153846153846,0
0.5211402665089753,0.006,0.0,0,8,0.846153846153846,0
0.5211401651775878,0.077,0.0,0,2,0.846153846153846,0
0.5211401392507241,0.0,1.0,0,14,0.846153846153846,0
0.5211395574968485,0.001,1.0,0,12,0.846153846153846,0
0.5211384244016766,0.0,1.0,0,16,0.846153846153846,0
0.521138089715487,0.006,0.0,0,9,0.846153846153846,0
0.5211380891164691,0.044000000000000004,0.0,0,4,0.846153846153846,0
0.5211380890299694,0.027999999999999997,0.0,0,6,0.846153846153846,0
0.5211380890222644,0.049,0.0,0,3,0.846153846153846,0
0.5211380889886403,0.0,1.0,0,15,0.846153846153846,0
rank_index,time,class,failures,ranking,nfpa,failure_metric
0.5211818135162605,0.0,1.0,0,17,0.8709528214616097,0
0.5211765819760895,0.0,1.0,0,18,0.8709528214616097,0
0.5211757608813652,0.0,1.0,0,16,0.8709528214616097,0
0.5211706160959557,0.0,1.0,0,20,0.8709528214616097,0
0.5211677238954969,0.001,1.0,0,13,0.8709528214616097,0
0.521159084906101,0.004,1.0,0,10,0.8709528214616097,0
0.52115441221461,0.0,1.0,0,19,0.8709528214616097,0
0.5211513732494171,0.001,1.0,0,14,0.8709528214616097,0
0.5211509695301019,0.0,1.0,0,23,0.8709528214616097,0
0.5211490890184863,0.008,0.0,0,8,0.8709528214616097,0
0.5211475090070229,0.0,1.0,0,22,0.8709528214616097,0
0.52114472134765,0.081,0.0,0,1,0.8709528214616097,0
0.5211404603741339,0.037000000000000005,0.0,0,5,0.8709528214616097,0
0.5211403982479557,0.004,1.0,0,9,0.8709528214616097,0
0.5211402757457121,0.008,0.0,0,7,0.8709528214616097,0
0.5211401757716237,0.079,0.0,0,2,0.8709528214616097,0
0.5211395632991732,0.002,1.0,0,12,0.8709528214616097,0
0.5211384258037307,0.001,1.0,0,15,0.8709528214616097,0
0.5211380897197866,0.002,1.0,0,11,0.8709528214616097,0
0.5211380891169465,0.037000000000000005,0.0,0,4,0.8709528214616097,0
0.521138089030163,0.025,0.0,0,6,0.8709528214616097,0
0.5211380890224644,0.053,0.0,0,3,0.8709528214616097,0
0.5211380889886394,0.0,1.0,0,21,0.8709528214616097,0
rank_index,time,class,failures,ranking,nfpa,failure_metric
0.5211763068976213,0.0,1.0,0,16,0.8491289198606273,0
0.5211752175760498,0.0,1.0,0,15,0.8491289198606273,0
0.5211671483989883,0.001,1.0,0,12,0.8491289198606273,0
0.5211589854083664,0.005,0.0,0,9,0.8491289198606273,0
0.5211514487907541,0.001,1.0,0,13,0.8491289198606273,0
0.5211508903543032,0.0,1.0,0,20,0.8491289198606273,0
0.5211490186522155,0.003,1.0,0,10,0.8491289198606273,0
0.5211474472152077,0.001,1.0,0,14,0.8491289198606273,0
0.5211446743433586,0.07400000000000001,0.0,0,2,0.8491289198606273,0
0.5211404429270402,0.021,0.0,0,7,0.8491289198606273,0
0.5211403809134801,0.0,1.0,0,19,0.8491289198606273,0
0.5211402590954842,0.006,0.0,0,8,0.8491289198606273,0
0.5211401601808777,0.08199999999999999,0.0,0,1,0.8491289198606273,0
0.521139551693102,0.002,1.0,0,11,0.8491289198606273,0
0.5211384232438881,0.0,1.0,0,17,0.8491289198606273,0
0.5211380897139367,0.025,0.0,0,6,0.8491289198606273,0
0.5211380891160525,0.053,0.0,0,4,0.8491289198606273,0
0.5211380890221962,0.057,0.0,0,3,0.8491289198606273,0
0.5211380890166807,0.027999999999999997,0.0,0,5,0.8491289198606273,0
0.5211380889886397,0.0,1.0,0,18,0.8491289198606273,0
rank_index,time,class,failures,ranking,nfpa,failure_metric
0.5211814684295988,0.0,1.0,0,24,0.8902040816326532,0
0.5211792144271887,0.0,1.0,0,17,0.8902040816326532,0
0.5211763205669169,0.0,1.0,0,15,0.8902040816326532,0
0.5211752283284551,0.0,1.0,0,21,0.8902040816326532,0
0.5211706535069336,0.0,1.0,0,18,0.8902040816326532,0
0.5211706425151619,0.0,1.0,0,16,0.8902040816326532,0
0.5211671603405473,0.001,1.0,0,10,0.8902040816326532,0
0.5211589964763454,0.004,1.0,0,8,0.8902040816326532,0
0.5211514538199334,0.0,1.0,0,23,0.8902040816326532,0
0.5211509011250622,0.0,1.0,0,22,0.8902040816326532,0
0.5211490309954933,0.003,1.0,0,9,0.8902040816326532,0
0.5211474544013044,0.0,1.0,0,19,0.8902040816326532,0
0.521144681352161,0.08,0.0,0,2,0.8902040816326532,0
0.5211404473705432,0.018000000000000002,0.0,0,6,0.8902040816326532,0
0.5211403835779064,0.001,1.0,0,14,0.8902040816326532,0
0.5211402612145251,0.006999999999999999,0.0,0,7,0.8902040816326532,0
0.5211401611903984,0.08800000000000001,0.0,0,1,0.8902040816326532,0
0.5211395538260113,0.001,1.0,0,11,0.8902040816326532,0
0.5211384235039412,0.001,1.0,0,13,0.8902040816326532,0
0.5211380897135842,0.001,1.0,0,12,0.8902040816326532,0
0.5211380891159759,0.036000000000000004,0.0,0,4,0.8902040816326532,0
0.5211380890298757,0.021,0.0,0,5,0.8902040816326532,0
0.5211380890222117,0.055999999999999994,0.0,0,3,0.8902040816326532,0
0.5211380889886399,0.0,1.0,0,20,0.8902040816326532,0
rank_index,time,class,failures,ranking,nfpa,failure_metric
0.5211764493588658,0.0,1.0,0,18,0.8487804878048781,0
0.5211753723044297,0.0,1.0,0,15,0.8487804878048781,0
0.5211673080774545,0.0,1.0,0,14,0.8487804878048781,0
0.5211591274140742,0.005,0.0,0,7,0.8487804878048781,0
0.5211515592057887,0.001,1.0,0,13,0.8487804878048781,0
0.5211509976990262,0.0,1.0,0,20,0.8487804878048781,0
0.5211491146779674,0.005,0.0,0,9,0.8487804878048781,0
0.5211475320627815,0.0,1.0,0,16,0.8487804878048781,0
0.5211447388765391,0.078,0.0,0,1,0.8487804878048781,0
0.521140470644495,0.027999999999999997,0.0,0,5,0.8487804878048781,0
0.5211404052324163,0.004,1.0,0,10,0.8487804878048781,0
0.5211402813811532,0.005,0.0,0,8,0.8487804878048781,0
0.5211401799751882,0.077,0.0,0,2,0.8487804878048781,0
0.5211395670766661,0.002,1.0,0,11,0.8487804878048781,0
0.52113842676612,0.0,1.0,0,17,0.8487804878048781,0
0.5211380897217956,0.0,1.0,0,19,0.8487804878048781,0
0.5211380891174425,0.032,0.0,0,4,0.8487804878048781,0
0.5211380890225469,0.049,0.0,0,3,0.8487804878048781,0
0.5211380890169987,0.02,0.0,0,6,0.8487804878048781,0
0.5211380889886417,0.001,1.0,0,12,0.8487804878048781,0
rank_index,time,class,failures,ranking,nfpa,failure_metric
0.5211763232929162,0.0,1.0,0,17,0.8137651821862347,0
0.5211589913077137,0.005,0.0,0,9,0.8137651821862347,0
0.5211546314557229,0.002,1.0,0,12,0.8137651821862347,0
0.5211514577095772,0.001,1.0,0,14,0.8137651821862347,0
0.5211509020004207,0.001,1.0,0,13,0.8137651821862347,0
0.5211490276439646,0.01,0.0,0,7,0.8137651821862347,0
0.5211474542652929,0.0,1.0,0,16,0.8137651821862347,0
0.5211446792984842,0.078,0.0,0,2,0.8137651821862347,0
0.5211404468535104,0.034,0.0,0,5,0.8137651821862347,0
0.5211403833492729,0.004,1.0,0,11,0.8137651821862347,0
0.5211402609085589,0.005,0.0,0,10,0.8137651821862347,0
0.5211401617282506,0.08900000000000001,0.0,0,1,0.8137651821862347,0
0.5211395533691311,0.001,1.0,0,15,0.8137651821862347,0
0.5211384235601748,0.0,1.0,0,18,0.8137651821862347,0
0.5211380897152638,0.009000000000000001,0.0,0,8,0.8137651821862347,0
0.5211380891162218,0.037000000000000005,0.0,0,4,0.8137651821862347,0
0.5211380890222225,0.057999999999999996,0.0,0,3,0.8137651821862347,0
0.5211380890167273,0.028999999999999998,0.0,0,6,0.8137651821862347,0
0.5211380889884898,0.0,1.0,0,19,0.8137651821862347,0
rank_index,time,class,failures,ranking,nfpa,failure_metric
0.5211788637884163,0.001,1.0,0,15,0.8640816326530611,0
0.5211763202426658,0.0,1.0,0,18,0.8640816326530611,0
0.5211753680369781,0.0,1.0,0,17,0.8640816326530611,0
0.5211709405118096,0.0,1.0,0,23,0.8640816326530611,0
0.5211702489761207,0.0,1.0,0,19,0.8640816326530611,0
0.5211673034285024,0.002,1.0,0,11,0.8640816326530611,0
0.52116330802741,0.0,1.0,0,24,0.8640816326530611,0
0.5211589957487585,0.006999999999999999,0.0,0,7,0.8640816326530611,0
0.521151455715982,0.001,1.0,0,16,0.8640816326530611,0
0.5211508995703894,0.0,1.0,0,20,0.8640816326530611,0
0.5211490271030405,0.003,1.0,0,9,0.8640816326530611,0
0.5211474535972941,0.001,1.0,0,13,0.8640816326530611,0
0.5211446809530715,0.076,0.0,0,2,0.8640816326530611,0
0.5211404454541592,0.016,0.0,0,5,0.8640816326530611,0
0.5211403820586348,0.002,1.0,0,12,0.8640816326530611,0
0.5211402621109902,0.006,0.0,0,8,0.8640816326530611,0
0.52114016056546,0.081,0.0,0,1,0.8640816326530611,0
0.5211395537862988,0.001,1.0,0,14,0.8640816326530611,0
0.5211384234647509,0.0,1.0,0,21,0.8640816326530611,0
0.5211380897142853,0.002,1.0,0,10,0.8640816326530611,0
0.5211380891161752,0.032,0.0,0,4,0.8640816326530611,0
0.5211380890222116,0.055,0.0,0,3,0.8640816326530611,0
0.5211380890166836,0.008,0.0,0,6,0.8640816326530611,0
0.5211380889884898,0.0,1.0,0,22,0.8640816326530611,0
rank_index,time,class,failures,ranking,nfpa,failure_metric
0.5211784765178918,0.0,1.0,0,16,0.8665306122448979,0
0.5211763057872575,0.0,1.0,0,19,0.8665306122448979,0
0.5211752188504465,0.0,1.0,0,15,0.8665306122448979,0
0.5211705016863482,0.0,1.0,0,18,0.8665306122448979,0
0.5211698067473888,0.0,1.0,0,17,0.8665306122448979,0
0.521167143230989,0.002,1.0,0,11,0.8665306122448979,0
0.5211626573696735,0.0,1.0,0,24,0.8665306122448979,0
0.5211589790962055,0.006,0.0,0,8,0.8665306122448979,0
0.5211514472348582,0.0,1.0,0,23,0.8665306122448979,0
0.5211508910908302,0.001,1.0,0,13,0.8665306122448979,0
0.5211490213083478,0.001,1.0,0,12,0.8665306122448979,0
0.5211474457524572,0.0,1.0,0,20,0.8665306122448979,0
0.5211446777313099,0.08199999999999999,0.0,0,3,0.8665306122448979,0
0.5211404466860072,0.031,0.0,0,5,0.8665306122448979,0
0.521140381225878,0.001,1.0,0,14,0.8665306122448979,0
0.5211402593268754,0.006999999999999999,0.0,0,7,0.8665306122448979,0
0.5211401595061516,0.08800000000000001,0.0,0,2,0.8665306122448979,0
0.5211395520990086,0.002,1.0,0,10,0.8665306122448979,0
0.5211384231882308,0.0,1.0,0,22,0.8665306122448979,0
0.5211380897141171,0.002,1.0,0,9,0.8665306122448979,0
0.5211380891160837,0.045,0.0,0,4,0.8665306122448979,0
0.521138089022182,0.09,0.0,0,1,0.8665306122448979,0
0.5211380890167203,0.015,0.0,0,6,0.8665306122448979,0
0.5211380889884897,0.0,1.0,0,21,0.8665306122448979,0
rank_index,time,class,failures,ranking,nfpa,failure_metric
0.5211764868762868,0.0,1.0,0,21,0.8500658761528328,0
0.5211706942779804,0.0,1.0,0,20,0.8500658761528328,0
0.5211628591858672,0.002,1.0,0,15,0.8500658761528328,0
0.5211591559330603,0.039,0.0,0,6,0.8500658761528328,0
0.5211545548229767,0.002,1.0,0,16,0.8500658761528328,0
0.5211515881819541,0.002,1.0,0,17,0.8500658761528328,0
0.5211510241962023,0.001,1.0,0,18,0.8500658761528328,0
0.5211491390008421,0.006,0.0,0,11,0.8500658761528328,0
0.5211475510652324,0.003,1.0,0,13,0.8500658761528328,0
0.5211447503116429,0.07200000000000001,0.0,0,3,0.8500658761528328,0
0.5211404736255364,0.078,0.0,0,1,0.8500658761528328,0
0.521140411687018,0.004,1.0,0,12,0.8500658761528328,0
0.5211402864709933,0.008,0.0,0,10,0.8500658761528328,0
0.5211402757154687,0.0,1.0,0,19,0.8500658761528328,0
0.521140185117792,0.077,0.0,0,2,0.8500658761528328,0
0.5211395712397581,0.008,0.0,0,9,0.8500658761528328,0
0.5211384276832663,0.003,1.0,0,14,0.8500658761528328,0
0.521138089723956,0.046,0.0,0,4,0.8500658761528328,0
0.5211380891176782,0.023,0.0,0,7,0.8500658761528328,0
0.5211380890225261,0.042,0.0,0,5,0.8500658761528328,0
0.5211380890170914,0.012,0.0,0,8,0.8500658761528328,0
0.5211380889884902,0.0,1.0,0,22,0.8500658761528328,0
rank_index,time,class,failures,ranking,nfpa,failure_metric
0.5211675651729052,0.008,0.0,0,4,0.7352941176470589,0
0.5211669535824658,0.04,0.0,0,2,0.7352941176470589,0
0.5211515087048871,0.0,1.0,0,6,0.7352941176470589,0
0.5211490744331899,0.022000000000000002,0.0,0,3,0.7352941176470589,0
0.5211401077922894,0.0,1.0,0,7,0.7352941176470589,0
0.5211384251306254,0.004,1.0,0,5,0.7352941176470589,0
0.5211380890224316,0.10300000000000001,0.0,0,1,0.7352941176470589,0
0.5211380889884899,0.0,1.0,0,8,0.7352941176470589,0
rank_index,time,class,failures,ranking,nfpa,failure_metric
0.5211789901918626,0.0,1.0,0,24,0.8879591836734695,0
0.5211765590848371,0.0,1.0,0,20,0.8879591836734695,0
0.5211707679458053,0.0,1.0,0,19,0.8879591836734695,0
0.5211703950880079,0.0,1.0,0,23,0.8879591836734695,0
0.5211671935922514,0.001,1.0,0,14,0.8879591836734695,0
0.5211665455500828,0.001,1.0,0,13,0.8879591836734695,0
0.5211591918987556,0.057,0.0,0,3,0.8879591836734695,0
0.5211529320027329,0.001,1.0,0,18,0.8879591836734695,0
0.5211514804376974,0.001,1.0,0,17,0.8879591836734695,0
0.5211510757727633,0.001,1.0,0,15,0.8879591836734695,0
0.5211490377432352,0.0,1.0,0,21,0.8879591836734695,0
0.5211475892620729,0.001,1.0,0,16,0.8879591836734695,0
0.5211447869118598,0.068,0.0,0,2,0.8879591836734695,0
0.521140475394489,0.054000000000000006,0.0,0,5,0.8879591836734695,0
0.5211404204281171,0.006,0.0,0,11,0.8879591836734695,0
0.5211402974273921,0.011000000000000001,0.0,0,9,0.8879591836734695,0
0.5211401967312341,0.085,0.0,0,1,0.8879591836734695,0
0.5211395771978785,0.006999999999999999,0.0,0,10,0.8879591836734695,0
0.5211384241827145,0.004,1.0,0,12,0.8879591836734695,0
0.5211380897245618,0.045,0.0,0,6,0.8879591836734695,0
0.5211380891185627,0.017,0.0,0,7,0.8879591836734695,0
0.5211380890221469,0.057,0.0,0,4,0.8879591836734695,0
0.5211380890006309,0.016,0.0,0,8,0.8879591836734695,0
0.5211380889884898,0.0,1.0,0,22,0.8879591836734695,0
rank_index,time,class,failures,ranking,nfpa,failure_metric
0.5211763703992578,0.0,1.0,0,20,0.864459930313589,0
0.5211672201511076,0.0,1.0,0,17,0.864459930313589,0
0.5211666135808212,0.002,1.0,0,15,0.864459930313589,0
0.5211589796049645,0.040999999999999995,0.0,0,6,0.864459930313589,0
0.5211515021228803,0.0,1.0,0,19,0.864459930313589,0
0.5211509385618898,0.001,1.0,0,16,0.864459930313589,0
0.5211490659790394,0.005,0.0,0,11,0.864459930313589,0
0.5211474842263003,0.004,1.0,0,13,0.864459930313589,0
0.5211447090875395,0.081,0.0,0,2,0.864459930313589,0
0.5211404499432959,0.063,0.0,0,3,0.864459930313589,0
0.5211403921385879,0.004,1.0,0,12,0.864459930313589,0
0.5211402689812817,0.008,0.0,0,10,0.864459930313589,0
0.5211401687969789,0.087,0.0,0,1,0.864459930313589,0
0.521139558621503,0.008,0.0,0,9,0.864459930313589,0
0.5211384247245956,0.004,1.0,0,14,0.864459930313589,0
0.5211380897148072,0.052000000000000005,0.0,0,4,0.864459930313589,0
0.5211380891168674,0.024,0.0,0,7,0.864459930313589,0
0.5211380890223438,0.043,0.0,0,5,0.864459930313589,0
0.521138088994077,0.021,0.0,0,8,0.864459930313589,0
0.5211380889884899,0.0,1.0,0,18,0.864459930313589,0
rank_index,time,class,failures,ranking,nfpa,failure_metric
0.5211763474006688,0.0,1.0,0,20,0.8581881533101047,0
0.5211671929873244,0.0,1.0,0,16,0.8581881533101047,0
0.5211665832182509,0.001,1.0,0,14,0.8581881533101047,0
0.5211589819340599,0.036000000000000004,0.0,0,6,0.8581881533101047,0
0.5211514776334643,0.0,1.0,0,18,0.8581881533101047,0
0.521150921852687,0.0,1.0,0,17,0.8581881533101047,0
0.5211490486362944,0.005,0.0,0,11,0.8581881533101047,0
0.5211474684470044,0.001,1.0,0,15,0.8581881533101047,0
0.5211446912891965,0.06,0.0,0,3,0.8581881533101047,0
0.5211404441918819,0.063,0.0,0,2,0.8581881533101047,0
0.5211403870628261,0.004,1.0,0,12,0.8581881533101047,0
0.5211402653605626,0.006,0.0,0,9,0.8581881533101047,0
0.5211401643124284,0.075,0.0,0,1,0.8581881533101047,0
0.5211395553028276,0.006,0.0,0,10,0.8581881533101047,0
0.5211384242064633,0.003,1.0,0,13,0.8581881533101047,0
0.5211380897131471,0.045,0.0,0,4,0.8581881533101047,0
0.5211380891166069,0.018000000000000002,0.0,0,7,0.8581881533101047,0
0.5211380890223267,0.044000000000000004,0.0,0,5,0.8581881533101047,0
0.5211380889940647,0.015,0.0,0,8,0.8581881533101047,0
0.5211380889884898,0.0,1.0,0,19,0.8581881533101047,0
rank_index,time,class,failures,ranking,nfpa,failure_metric
0.5211763590006625,0.001,1.0,0,15,0.8206477732793521,0
0.5211671993077845,0.0,1.0,0,18,0.8206477732793521,0
0.5211589908841591,0.064,0.0,0,4,0.8206477732793521,0
0.5211514842432791,0.001,1.0,0,16,0.8206477732793521,0
0.5211509233962055,0.001,1.0,0,17,0.8206477732793521,0
0.5211490512962861,0.008,0.0,0,11,0.8206477732793521,0
0.5211474742697262,0.005,0.0,0,13,0.8206477732793521,0
0.5211447047803779,0.091,0.0,0,1,0.8206477732793521,0
0.5211404445655454,0.075,0.0,0,3,0.8206477732793521,0
0.5211403882157556,0.008,0.0,0,12,0.8206477732793521,0
0.5211401675304236,0.091,0.0,0,2,0.8206477732793521,0
0.5211395565255422,0.012,0.0,0,10,0.8206477732793521,0
0.5211387879775737,0.012,0.0,0,9,0.8206477732793521,0
0.5211384242833439,0.004,1.0,0,14,0.8206477732793521,0
0.5211380897138485,0.049,0.0,0,5,0.8206477732793521,0
0.5211380891166925,0.040999999999999995,0.0,0,7,0.8206477732793521,0
0.5211380890223277,0.047,0.0,0,6,0.8206477732793521,0
0.5211380889940693,0.024,0.0,0,8,0.8206477732793521,0
0.5211380889884898,0.0,1.0,0,19,0.8206477732793521,0
rank_index,time,class,failures,ranking,nfpa,failure_metric
0.5211763530497444,0.001,1.0,0,16,0.8505226480836237,0
0.5211671997397845,0.0,1.0,0,19,0.8505226480836237,0
0.5211667687886482,0.002,1.0,0,15,0.8505226480836237,0
0.5211589568435069,0.046,0.0,0,6,0.8505226480836237,0
0.521151480250097,0.001,1.0,0,18,0.8505226480836237,0
0.5211509238167772,0.001,1.0,0,17,0.8505226480836237,0
0.5211490482024531,0.01,0.0,0,11,0.8505226480836237,0
0.5211474695028722,0.004,1.0,0,14,0.8505226480836237,0
0.5211446871647764,0.08,0.0,0,3,0.8505226480836237,0
0.5211404426282185,0.09699999999999999,0.0,0,2,0.8505226480836237,0
0.521140387344469,0.006999999999999999,0.0,0,12,0.8505226480836237,0
0.521140164121122,0.135,0.0,0,1,0.8505226480836237,0
0.5211395558976859,0.012,0.0,0,10,0.8505226480836237,0
0.5211387875723712,0.013000000000000001,0.0,0,9,0.8505226480836237,0
0.5211384242272553,0.004,1.0,0,13,0.8505226480836237,0
0.5211380897135688,0.051,0.0,0,5,0.8505226480836237,0
0.5211380891164153,0.03,0.0,0,7,0.8505226480836237,0
0.5211380890223326,0.066,0.0,0,4,0.8505226480836237,0
0.5211380889940641,0.022000000000000002,0.0,0,8,0.8505226480836237,0
0.5211380889884898,0.0,1.0,0,20,0.8505226480836237,0
rank_index,time,class,failures,ranking,nfpa,failure_metric
0.5211763624780684,0.001,1.0,0,16,0.8411149825783972,0
0.5211672108428538,0.0,1.0,0,17,0.8411149825783972,0
0.5211666077254267,0.002,1.0,0,15,0.8411149825783972,0
0.5211589877067929,0.040999999999999995,0.0,0,6,0.8411149825783972,0
0.5211514941046689,0.0,1.0,0,18,0.8411149825783972,0
0.5211509340993125,0.0,1.0,0,19,0.8411149825783972,0
0.5211490521670094,0.006,0.0,0,12,0.8411149825783972,0
0.5211474771279107,0.005,0.0,0,13,0.8411149825783972,0
0.5211447003049595,0.076,0.0,0,2,0.8411149825783972,0
0.5211404396719024,0.062,0.0,0,3,0.8411149825783972,0
0.521140159089597,0.09,0.0,0,1,0.8411149825783972,0
0.5211395565496207,0.009000000000000001,0.0,0,9,0.8411149825783972,0
0.5211394932334029,0.006,0.0,0,11,0.8411149825783972,0
0.5211387881896881,0.006999999999999999,0.0,0,10,0.8411149825783972,0
0.5211384244320989,0.003,1.0,0,14,0.8411149825783972,0
0.52113808971398,0.055,0.0,0,4,0.8411149825783972,0
0.5211380891166931,0.021,0.0,0,7,0.8411149825783972,0
0.5211380890222831,0.044000000000000004,0.0,0,5,0.8411149825783972,0
0.5211380889940718,0.02,0.0,0,8,0.8411149825783972,0
0.5211380889884899,0.0,1.0,0,20,0.8411149825783972,0
rank_index,time,class,failures,ranking,nfpa,failure_metric
0.5211763651239778,0.0,1.0,0,18,0.8358885017421603,0
0.5211672152334211,0.0,1.0,0,17,0.8358885017421603,0
0.5211666057098765,0.002,1.0,0,13,0.8358885017421603,0
0.5211589982452641,0.039,0.0,0,6,0.8358885017421603,0
0.5211514927223252,0.0,1.0,0,19,0.8358885017421603,0
0.5211509344353855,0.001,1.0,0,16,0.8358885017421603,0
0.5211490585903467,0.006999999999999999,0.0,0,10,0.8358885017421603,0
0.5211474794249336,0.002,1.0,0,14,0.8358885017421603,0
0.5211447024857382,0.091,0.0,0,1,0.8358885017421603,0
0.5211404479960466,0.055999999999999994,0.0,0,3,0.8358885017421603,0
0.5211401667974138,0.08900000000000001,0.0,0,2,0.8358885017421603,0
0.5211395571782613,0.006999999999999999,0.0,0,11,0.8358885017421603,0
0.5211394933456711,0.005,0.0,0,12,0.8358885017421603,0
0.5211387887676477,0.009000000000000001,0.0,0,9,0.8358885017421603,0
0.5211384245670491,0.002,1.0,0,15,0.8358885017421603,0
0.5211380897140862,0.045,0.0,0,5,0.8358885017421603,0
0.5211380891167503,0.038,0.0,0,7,0.8358885017421603,0
0.5211380890223689,0.048,0.0,0,4,0.8358885017421603,0
0.5211380889952396,0.016,0.0,0,8,0.8358885017421603,0
0.5211380889884899,0.0,1.0,0,20,0.8358885017421603,0
rank_index,time,class,failures,ranking,nfpa,failure_metric
0.5211763655100452,0.0,1.0,0,19,0.8397212543554006,0
0.5211666029758752,0.001,1.0,0,17,0.8397212543554006,0
0.5211589968622846,0.040999999999999995,0.0,0,6,0.8397212543554006,0
0.5211554622720433,0.003,1.0,0,15,0.8397212543554006,0
0.521151495864863,0.0,1.0,0,18,0.8397212543554006,0
0.5211509360513791,0.002,1.0,0,16,0.8397212543554006,0
0.5211490579194457,0.006999999999999999,0.0,0,10,0.8397212543554006,0
0.5211474801722623,0.004,1.0,0,12,0.8397212543554006,0
0.5211446932417151,0.077,0.0,0,2,0.8397212543554006,0
0.5211404485537877,0.055,0.0,0,3,0.8397212543554006,0
0.5211401664671674,0.08800000000000001,0.0,0,1,0.8397212543554006,0
0.5211395576725879,0.006,0.0,0,11,0.8397212543554006,0
0.5211394933749605,0.004,1.0,0,14,0.8397212543554006,0
0.521138788430604,0.008,0.0,0,9,0.8397212543554006,0
0.5211384247008971,0.004,1.0,0,13,0.8397212543554006,0
0.5211380897143545,0.045,0.0,0,5,0.8397212543554006,0
0.5211380891166176,0.022000000000000002,0.0,0,7,0.8397212543554006,0
0.5211380890223527,0.046,0.0,0,4,0.8397212543554006,0
0.5211380889952427,0.018000000000000002,0.0,0,8,0.8397212543554006,0
0.5211380889884639,0.0,1.0,0,20,0.8397212543554006,0
rank_index,time,class,failures,ranking,nfpa,failure_metric
0.5211764946487533,0.0,1.0,0,20,0.8432055749128919,0
0.5211667440839621,0.001,1.0,0,15,0.8432055749128919,0
0.5211591234308233,0.043,0.0,0,4,0.8432055749128919,0
0.5211543343346468,0.001,1.0,0,17,0.8432055749128919,0
0.5211515897587645,0.001,1.0,0,16,0.8432055749128919,0
0.5211510263550022,0.0,1.0,0,19,0.8432055749128919,0
0.5211491390504934,0.006,0.0,0,11,0.8432055749128919,0
0.5211475503757007,0.002,1.0,0,14,0.8432055749128919,0
0.5211447552387213,0.08,0.0,0,1,0.8432055749128919,0
0.5211404697726107,0.049,0.0,0,3,0.8432055749128919,0
0.5211401861240594,0.07200000000000001,0.0,0,2,0.8432055749128919,0
0.5211395717251506,0.006,0.0,0,10,0.8432055749128919,0
0.5211395062297912,0.005,0.0,0,12,0.8432055749128919,0
0.5211387952501338,0.008,0.0,0,9,0.8432055749128919,0
0.5211384276356198,0.003,1.0,0,13,0.8432055749128919,0
0.5211380897212871,0.043,0.0,0,5,0.8432055749128919,0
0.5211380891179892,0.027000000000000003,0.0,0,7,0.8432055749128919,0
0.5211380890226777,0.042,0.0,0,6,0.8432055749128919,0
0.5211380889953058,0.016,0.0,0,8,0.8432055749128919,0
0.5211380889884596,0.0,1.0,0,18,0.8432055749128919,0
rank_index,time,class,failures,ranking,nfpa,failure_metric
0.5211763560231764,0.004,1.0,0,14,0.8149825783972126,0
0.5211665925615844,0.002,1.0,0,17,0.8149825783972126,0
0.5211589829188191,0.057999999999999996,0.0,0,4,0.8149825783972126,0
0.5211542137727972,0.005,0.0,0,12,0.8149825783972126,0
0.5211514853719117,0.0,1.0,0,19,0.8149825783972126,0
0.5211509279116173,0.001,1.0,0,18,0.8149825783972126,0
0.5211490505482391,0.005,0.0,0,13,0.8149825783972126,0
0.5211474731284068,0.004,1.0,0,15,0.8149825783972126,0
0.5211446948164764,0.115,0.0,0,1,0.8149825783972126,0
0.5211404478146542,0.081,0.0,0,3,0.8149825783972126,0
0.5211401685219668,0.099,0.0,0,2,0.8149825783972126,0
0.5211395561904123,0.011000000000000001,0.0,0,9,0.8149825783972126,0
0.5211394925444011,0.006,0.0,0,11,0.8149825783972126,0
0.5211387878441156,0.01,0.0,0,10,0.8149825783972126,0
0.5211384243624909,0.002,1.0,0,16,0.8149825783972126,0
0.5211380897140813,0.046,0.0,0,6,0.8149825783972126,0
0.5211380891166211,0.03,0.0,0,7,0.8149825783972126,0
0.5211380890223424,0.05,0.0,0,5,0.8149825783972126,0
0.5211380889952361,0.022000000000000002,0.0,0,8,0.8149825783972126,0
0.5211380889884561,0.0,1.0,0,20,0.8149825783972126,0
rank_index,time,class,failures,ranking,nfpa,failure_metric
0.5211763687624975,0.001,1.0,0,17,0.8358885017421603,0
0.5211666100406149,0.002,1.0,0,15,0.8358885017421603,0
0.521158981286237,0.045,0.0,0,5,0.8358885017421603,0
0.5211531943985027,0.001,1.0,0,18,0.8358885017421603,0
0.5211514948925281,0.0,1.0,0,19,0.8358885017421603,0
0.5211509363573734,0.002,1.0,0,16,0.8358885017421603,0
0.5211490628437382,0.008,0.0,0,11,0.8358885017421603,0
0.5211474811687283,0.005,0.0,0,13,0.8358885017421603,0
0.5211446833793071,0.068,0.0,0,3,0.8358885017421603,0
0.5211404445136691,0.071,0.0,0,2,0.8358885017421603,0
0.5211401652127462,0.09,0.0,0,1,0.8358885017421603,0
0.5211395572112401,0.011000000000000001,0.0,0,10,0.8358885017421603,0
0.5211394937863578,0.004,1.0,0,14,0.8358885017421603,0
0.5211387885921621,0.012,0.0,0,9,0.8358885017421603,0
0.5211384245674443,0.006,0.0,0,12,0.8358885017421603,0
0.5211380897147679,0.045,0.0,0,6,0.8358885017421603,0
0.5211380891167127,0.024,0.0,0,7,0.8358885017421603,0
0.5211380890223535,0.047,0.0,0,4,0.8358885017421603,0
0.5211380889952422,0.021,0.0,0,8,0.8358885017421603,0
0.5211380889884561,0.0,1.0,0,20,0.8358885017421603,0
rank_index,time,class,failures,ranking,nfpa,failure_metric
0.5211763889269865,0.001,1.0,0,17,0.8222996515679443,0
0.5211681561002373,0.001,1.0,0,15,0.8222996515679443,0
0.5211666331898919,0.001,1.0,0,14,0.8222996515679443,0
0.5211590130701756,0.051,0.0,0,4,0.8222996515679443,0
0.5211515097204075,0.001,1.0,0,18,0.8222996515679443,0
0.5211509506857624,0.0,1.0,0,19,0.8222996515679443,0
0.5211490728296396,0.006,0.0,0,11,0.8222996515679443,0
0.5211474929795163,0.003,1.0,0,13,0.8222996515679443,0
0.5211447188531872,0.067,0.0,0,2,0.8222996515679443,0
0.5211404492152285,0.062,0.0,0,3,0.8222996515679443,0
0.5211401704591988,0.086,0.0,0,1,0.8222996515679443,0
0.5211395603693211,0.01,0.0,0,9,0.8222996515679443,0
0.5211394954619376,0.006,0.0,0,12,0.8222996515679443,0
0.5211387896618919,0.01,0.0,0,10,0.8222996515679443,0
0.5211384252470872,0.001,1.0,0,16,0.8222996515679443,0
0.521138089715713,0.042,0.0,0,6,0.8222996515679443,0
0.5211380890390813,0.03,0.0,0,7,0.8222996515679443,0
0.5211380890224154,0.049,0.0,0,5,0.8222996515679443,0
0.5211380889952509,0.024,0.0,0,8,0.8222996515679443,0
0.5211380889884561,0.0,1.0,0,20,0.8222996515679443,0
rank_index,time,class,failures,ranking,nfpa,failure_metric
0.5211807546900874,0.0,1.0,0,15,0.8416384454120303,0
0.5211766858167658,0.0,1.0,0,23,0.8416384454120303,0
0.5211731626381133,0.0,1.0,0,17,0.8416384454120303,0
0.5211724713769753,0.0,1.0,0,16,0.8416384454120303,0
0.5211669503836189,0.001,1.0,0,13,0.8416384454120303,0
0.521166935898407,0.0,1.0,0,19,0.8416384454120303,0
0.5211642761179905,0.0,1.0,0,20,0.8416384454120303,0
0.5211593082042663,0.037000000000000005,0.0,0,5,0.8416384454120303,0
0.5211548291948088,0.0,1.0,0,18,0.8416384454120303,0
0.521153634455126,0.002,1.0,0,11,0.8416384454120303,0
0.5211517394670656,0.0,1.0,0,24,0.8416384454120303,0
0.5211511758564664,0.0,1.0,0,21,0.8416384454120303,0
0.5211492717835513,0.005,0.0,0,10,0.8416384454120303,0
0.5211476659150339,0.0,1.0,0,25,0.8416384454120303,0
0.5211448459838757,0.068,0.0,0,3,0.8416384454120303,0
0.5211405014671215,0.046,0.0,0,4,0.8416384454120303,0
0.5211402154184964,0.1,0.0,0,1,0.8416384454120303,0
0.5211395907475229,0.002,1.0,0,12,0.8416384454120303,0
0.5211395262288487,0.0,1.0,0,22,0.8416384454120303,0
0.5211388049382328,0.03,0.0,0,6,0.8416384454120303,0
0.5211384324507672,0.001,1.0,0,14,0.8416384454120303,0
0.5211380897320688,0.008,0.0,0,9,0.8416384454120303,0
0.521138089039282,0.011000000000000001,0.0,0,8,0.8416384454120303,0
0.5211380890231639,0.07400000000000001,0.0,0,2,0.8416384454120303,0
0.5211380889953984,0.013999999999999999,0.0,0,7,0.8416384454120303,0
0.5211380889884563,0.0,1.0,0,26,0.8416384454120303,0
rank_index,time,class,failures,ranking,nfpa,failure_metric
0.5211763575063129,0.0,1.0,0,18,0.8508325624421831,0
0.5211705486946132,0.0,1.0,0,16,0.8508325624421831,0
0.5211665970218416,0.001,1.0,0,15,0.8508325624421831,0
0.5211642579958338,0.0,1.0,0,19,0.8508325624421831,0
0.5211589887193263,0.051,0.0,0,4,0.8508325624421831,0
0.5211531888774688,0.002,1.0,0,13,0.8508325624421831,0
0.521152776592656,0.0,1.0,0,17,0.8508325624421831,0
0.5211514828386349,0.0,1.0,0,23,0.8508325624421831,0
0.5211509254057783,0.0,1.0,0,20,0.8508325624421831,0
0.5211490508419601,0.006,0.0,0,11,0.8508325624421831,0
0.5211474742195296,0.0,1.0,0,22,0.8508325624421831,0
0.5211446997605029,0.081,0.0,0,2,0.8508325624421831,0
0.5211404480558999,0.067,0.0,0,3,0.8508325624421831,0
0.5211401623039879,0.086,0.0,0,1,0.8508325624421831,0
0.5211395571306983,0.006999999999999999,0.0,0,10,0.8508325624421831,0
0.5211394926741261,0.005,0.0,0,12,0.8508325624421831,0
0.5211387866402594,0.009000000000000001,0.0,0,9,0.8508325624421831,0
0.5211384243717162,0.002,1.0,0,14,0.8508325624421831,0
0.5211380897163627,0.043,0.0,0,7,0.8508325624421831,0
0.5211380890390113,0.043,0.0,0,6,0.8508325624421831,0
0.5211380890222445,0.048,0.0,0,5,0.8508325624421831,0
0.5211380889952368,0.015,0.0,0,8,0.8508325624421831,0
0.5211380889884561,0.0,1.0,0,21,0.8508325624421831,0
rank_index,time,class,failures,ranking,nfpa,failure_metric
0.5211763558949865,0.0,1.0,0,17,0.8311740890688256,0
0.5211665908026832,0.001,1.0,0,15,0.8311740890688256,0
0.5211589757539877,0.035,0.0,0,6,0.8311740890688256,0
0.5211514910272604,0.001,1.0,0,14,0.8311740890688256,0
0.5211509283308513,0.0,1.0,0,16,0.8311740890688256,0
0.5211490530765157,0.004,1.0,0,11,0.8311740890688256,0
0.5211474753499705,0.0,1.0,0,19,0.8311740890688256,0
0.5211469087029339,0.061,0.0,0,2,0.8311740890688256,0
0.5211404452398064,0.046,0.0,0,3,0.8311740890688256,0
0.5211401664042314,0.075,0.0,0,1,0.8311740890688256,0
0.5211395567639349,0.005,0.0,0,10,0.8311740890688256,0
0.5211394923303111,0.004,1.0,0,12,0.8311740890688256,0
0.5211387879360032,0.011000000000000001,0.0,0,9,0.8311740890688256,0
0.521138424377101,0.003,1.0,0,13,0.8311740890688256,0
0.5211380897143416,0.038,0.0,0,5,0.8311740890688256,0
0.5211380890388688,0.022000000000000002,0.0,0,7,0.8311740890688256,0
0.5211380890223253,0.044000000000000004,0.0,0,4,0.8311740890688256,0
0.5211380889952404,0.016,0.0,0,8,0.8311740890688256,0
0.5211380889884561,0.0,1.0,0,18,0.8311740890688256,0
rank_index,time,class,failures,ranking,nfpa,failure_metric
0.5211763743611825,0.001,1.0,0,16,0.8456445993031361,0
0.5211666143531942,0.0,1.0,0,20,0.8456445993031361,0
0.5211590139808,0.044000000000000004,0.0,0,5,0.8456445993031361,0
0.5211533433897576,0.002,1.0,0,13,0.8456445993031361,0
0.5211514984991035,0.0,1.0,0,17,0.8456445993031361,0
0.5211509380741847,0.0,1.0,0,19,0.8456445993031361,0
0.5211490619434094,0.006,0.0,0,12,0.8456445993031361,0
0.5211474872301344,0.002,1.0,0,15,0.8456445993031361,0
0.5211404804218223,0.071,0.0,0,2,0.8456445993031361,0
0.5211404510122314,0.055999999999999994,0.0,0,3,0.8456445993031361,0
0.5211401708023208,0.084,0.0,0,1,0.8456445993031361,0
0.521139559071945,0.006,0.0,0,10,0.8456445993031361,0
0.5211394943117628,0.006,0.0,0,11,0.8456445993031361,0
0.5211387889617135,0.009000000000000001,0.0,0,9,0.8456445993031361,0
0.5211384248494159,0.002,1.0,0,14,0.8456445993031361,0
0.5211380897152844,0.043,0.0,0,6,0.8456445993031361,0
0.5211380890390441,0.036000000000000004,0.0,0,7,0.8456445993031361,0
0.5211380890223927,0.049,0.0,0,4,0.8456445993031361,0
0.5211380889952452,0.016,0.0,0,8,0.8456445993031361,0
0.5211380889884561,0.0,1.0,0,18,0.8456445993031361,0
rank_index,time,class,failures,ranking,nfpa,failure_metric
0.5211709238807961,0.0,1.0,0,18,0.8469635627530363,0
0.5211589710295946,0.04,0.0,0,6,0.8469635627530363,0
0.5211530577616118,0.003,1.0,0,14,0.8469635627530363,0
0.521151473811861,0.002,1.0,0,15,0.8469635627530363,0
0.5211509208184405,0.0,1.0,0,17,0.8469635627530363,0
0.5211490454543808,0.004,1.0,0,13,0.8469635627530363,0
0.5211474661166775,0.0,1.0,0,19,0.8469635627530363,0
0.5211404728989775,0.078,0.0,0,1,0.8469635627530363,0
0.5211404458275577,0.05,0.0,0,4,0.8469635627530363,0
0.5211401649408629,0.07400000000000001,0.0,0,2,0.8469635627530363,0
0.5211395553007363,0.006999999999999999,0.0,0,11,0.8469635627530363,0
0.5211394913114461,0.009000000000000001,0.0,0,10,0.8469635627530363,0
0.5211387873900228,0.012,0.0,0,9,0.8469635627530363,0
0.5211384241212016,0.004,1.0,0,12,0.8469635627530363,0
0.5211380897134187,0.055,0.0,0,3,0.8469635627530363,0
0.5211380890388589,0.036000000000000004,0.0,0,7,0.8469635627530363,0
0.5211380890222878,0.044000000000000004,0.0,0,5,0.8469635627530363,0
0.5211380889952322,0.017,0.0,0,8,0.8469635627530363,0
0.5211380889884561,0.0,1.0,0,16,0.8469635627530363,0
rank_index,time,class,failures,ranking,nfpa,failure_metric
0.5211793554264852,0.001,1.0,0,7,0.8705738705738704,0
0.5211708188599493,0.0,1.0,0,10,0.8705738705738704,0
0.5211707700933625,0.0,1.0,0,13,0.8705738705738704,0
0.5211650362251176,0.0,1.0,0,9,0.8705738705738704,0
0.5211529402531877,0.0,1.0,0,12,0.8705738705738704,0
0.5211516391528871,0.001,1.0,0,8,0.8705738705738704,0
0.5211403650943169,0.081,0.0,0,2,0.8705738705738704,0
0.5211401977633184,0.10400000000000001,0.0,0,1,0.8705738705738704,0
0.5211395125519614,0.013999999999999999,0.0,0,5,0.8705738705738704,0
0.5211384292979949,0.003,1.0,0,6,0.8705738705738704,0
0.5211380890257019,0.068,0.0,0,3,0.8705738705738704,0
0.5211380889905971,0.034,0.0,0,4,0.8705738705738704,0
0.5211380889884561,0.0,1.0,0,11,0.8705738705738704,0
rank_index,time,class,failures,ranking,nfpa,failure_metric
0.5211785226753977,0.001,1.0,0,16,0.8473867595818817,0
0.5211768924299496,0.0,1.0,0,17,0.8473867595818817,0
0.5211642653043417,0.0,1.0,0,18,0.8473867595818817,0
0.5211593606745427,0.05,0.0,0,6,0.8473867595818817,0
0.5211514912322328,0.001,1.0,0,15,0.8473867595818817,0
0.5211512088425924,0.0,1.0,0,19,0.8473867595818817,0
0.5211493030060478,0.006,0.0,0,12,0.8473867595818817,0
0.5211476985505178,0.002,1.0,0,14,0.8473867595818817,0
0.5211405112901979,0.063,0.0,0,3,0.8473867595818817,0
0.5211403327322316,0.081,0.0,0,2,0.8473867595818817,0
0.5211401632300448,0.087,0.0,0,1,0.8473867595818817,0
0.5211395968471493,0.01,0.0,0,9,0.8473867595818817,0
0.5211394913411379,0.006999999999999999,0.0,0,11,0.8473867595818817,0
0.5211388072416795,0.008,0.0,0,10,0.8473867595818817,0
0.5211384243866369,0.004,1.0,0,13,0.8473867595818817,0
0.5211380897337511,0.053,0.0,0,5,0.8473867595818817,0
0.5211380890403131,0.018000000000000002,0.0,0,8,0.8473867595818817,0
0.5211380890250781,0.057,0.0,0,4,0.8473867595818817,0
0.521138088990609,0.023,0.0,0,7,0.8473867595818817,0
0.5211380889884561,0.0,1.0,0,20,0.8473867595818817,0
rank_index,time,class,failures,ranking,nfpa,failure_metric
0.5211763703220479,0.001,1.0,0,17,0.8722440350347329,0
0.5211665293660029,0.0,1.0,0,20,0.8722440350347329,0
0.521162097110882,0.0,1.0,0,21,0.8722440350347329,0
0.5211589934464715,0.04,0.0,0,7,0.8722440350347329,0
0.5211537853380005,0.003,1.0,0,15,0.8722440350347329,0
0.5211514970001767,0.002,1.0,0,16,0.8722440350347329,0
0.5211509379122913,0.001,1.0,0,18,0.8722440350347329,0
0.5211490610342455,0.008,0.0,0,10,0.8722440350347329,0
0.5211474819383195,0.003,1.0,0,14,0.8722440350347329,0
0.5211404481628045,0.079,0.0,0,3,0.8722440350347329,0
0.5211403346122908,0.08199999999999999,0.0,0,2,0.8722440350347329,0
0.5211401685161703,0.114,0.0,0,1,0.8722440350347329,0
0.5211395580326383,0.006999999999999999,0.0,0,11,0.8722440350347329,0
0.5211394939884467,0.003,1.0,0,13,0.8722440350347329,0
0.5211387887986968,0.01,0.0,0,9,0.8722440350347329,0
0.5211384247435344,0.003,1.0,0,12,0.8722440350347329,0
0.5211380897143303,0.042,0.0,0,6,0.8722440350347329,0
0.5211380890277537,0.047,0.0,0,5,0.8722440350347329,0
0.521138089025136,0.057,0.0,0,4,0.8722440350347329,0
0.5211380889906136,0.01,0.0,0,8,0.8722440350347329,0
0.5211380889884561,0.0,1.0,0,19,0.8722440350347329,0
rank_index,time,class,failures,ranking,nfpa,failure_metric
0.5211763498997456,0.0,1.0,0,20,0.856916996047431,0
0.5211675661744538,0.001,1.0,0,16,0.856916996047431,0
0.5211665173190424,0.0,1.0,0,18,0.856916996047431,0
0.5211608043279139,0.0,1.0,0,19,0.856916996047431,0
0.5211589829658779,0.057,0.0,0,4,0.856916996047431,0
0.5211531804341861,0.001,1.0,0,17,0.856916996047431,0
0.5211514793039181,0.001,1.0,0,15,0.856916996047431,0
0.5211509225968197,0.0,1.0,0,21,0.856916996047431,0
0.5211490465158796,0.006999999999999999,0.0,0,12,0.856916996047431,0
0.5211474708608482,0.003,1.0,0,13,0.856916996047431,0
0.5211404408327173,0.067,0.0,0,3,0.856916996047431,0
0.5211403306866917,0.078,0.0,0,2,0.856916996047431,0
0.5211401602077568,0.08800000000000001,0.0,0,1,0.856916996047431,0
0.5211395554523178,0.01,0.0,0,10,0.856916996047431,0
0.5211394919021599,0.008,0.0,0,11,0.856916996047431,0
0.5211387877412814,0.012,0.0,0,9,0.856916996047431,0
0.5211384241253987,0.002,1.0,0,14,0.856916996047431,0
0.5211380897138642,0.048,0.0,0,5,0.856916996047431,0
0.5211380890275932,0.036000000000000004,0.0,0,6,0.856916996047431,0
0.5211380890250897,0.022000000000000002,0.0,0,8,0.856916996047431,0
0.5211380889906118,0.022000000000000002,0.0,0,7,0.856916996047431,0
0.5211380889884561,0.0,1.0,0,22,0.856916996047431,0
rank_index,time,class,failures,ranking,nfpa,failure_metric
0.5211764235887875,0.0,1.0,0,16,0.8246963562753036,0
0.5211665866661909,0.003,1.0,0,14,0.8246963562753036,0
0.5211590300968789,0.044000000000000004,0.0,0,6,0.8246963562753036,0
0.5211515314018348,0.0,1.0,0,17,0.8246963562753036,0
0.5211509763221523,0.001,1.0,0,15,0.8246963562753036,0
0.5211490948311838,0.006999999999999999,0.0,0,10,0.8246963562753036,0
0.5211475094378635,0.0,1.0,0,18,0.8246963562753036,0
0.5211404554221698,0.057999999999999996,0.0,0,3,0.8246963562753036,0
0.52114034267994,0.08900000000000001,0.0,0,2,0.8246963562753036,0
0.5211401744072324,0.092,0.0,0,1,0.8246963562753036,0
0.5211395632682875,0.006999999999999999,0.0,0,11,0.8246963562753036,0
0.5211394982522066,0.006,0.0,0,12,0.8246963562753036,0
0.5211384260202254,0.004,1.0,0,13,0.8246963562753036,0
0.5211383118639655,0.011000000000000001,0.0,0,9,0.8246963562753036,0
0.5211380897173356,0.046,0.0,0,5,0.8246963562753036,0
0.5211380890278182,0.043,0.0,0,7,0.8246963562753036,0
0.5211380890253771,0.051,0.0,0,4,0.8246963562753036,0
0.5211380889906205,0.012,0.0,0,8,0.8246963562753036,0
0.5211380889884561,0.0,1.0,0,19,0.8246963562753036,0
rank_index,time,class,failures,ranking,nfpa,failure_metric
0.5211792335479053,0.001,1.0,0,18,0.8902040816326532,0
0.5211765280597807,0.001,1.0,0,17,0.8902040816326532,0
0.5211715645414507,0.0,1.0,0,22,0.8902040816326532,0
0.5211708631397213,0.0,1.0,0,23,0.8902040816326532,0
0.5211670407923711,0.001,1.0,0,14,0.8902040816326532,0
0.5211667021958903,0.0,1.0,0,20,0.8902040816326532,0
0.5211591578895352,0.037000000000000005,0.0,0,7,0.8902040816326532,0
0.5211535431665919,0.001,1.0,0,19,0.8902040816326532,0
0.5211516151793945,0.0,1.0,0,24,0.8902040816326532,0
0.5211510551076499,0.001,1.0,0,16,0.8902040816326532,0
0.5211491632380927,0.006,0.0,0,10,0.8902040816326532,0
0.521147578694813,0.001,1.0,0,15,0.8902040816326532,0
0.5211404753567553,0.045,0.0,0,3,0.8902040816326532,0
0.5211403571305645,0.09300000000000001,0.0,0,1,0.8902040816326532,0
0.5211401482055691,0.07400000000000001,0.0,0,2,0.8902040816326532,0
0.5211395748649279,0.005,0.0,0,12,0.8902040816326532,0
0.5211395095355688,0.006,0.0,0,11,0.8902040816326532,0
0.5211384284195287,0.002,1.0,0,13,0.8902040816326532,0
0.5211382478843583,0.012,0.0,0,9,0.8902040816326532,0
0.5211380897230342,0.038,0.0,0,5,0.8902040816326532,0
0.5211380890255899,0.04,0.0,0,4,0.8902040816326532,0
0.5211380890213302,0.037000000000000005,0.0,0,6,0.8902040816326532,0
0.5211380889906392,0.013999999999999999,0.0,0,8,0.8902040816326532,0
0.5211380889884561,0.0,1.0,0,21,0.8902040816326532,0
rank_index,time,class,failures,ranking,nfpa,failure_metric
0.5211763597636434,0.0,1.0,0,19,0.8627177700348433,0
0.5211665989257175,0.0,1.0,0,18,0.8627177700348433,0
0.5211589982321114,0.039,0.0,0,6,0.8627177700348433,0
0.5211536740222096,0.001,1.0,0,15,0.8627177700348433,0
0.5211514972404742,0.0,1.0,0,16,0.8627177700348433,0
0.5211509290618467,0.0,1.0,0,20,0.8627177700348433,0
0.5211490567692987,0.006,0.0,0,12,0.8627177700348433,0
0.5211474761581083,0.002,1.0,0,14,0.8627177700348433,0
0.5211404499900937,0.055999999999999994,0.0,0,3,0.8627177700348433,0
0.5211403306475184,0.081,0.0,0,2,0.8627177700348433,0
0.5211401692029338,0.083,0.0,0,1,0.8627177700348433,0
0.5211395576518593,0.006999999999999999,0.0,0,10,0.8627177700348433,0
0.5211394932334531,0.006999999999999999,0.0,0,11,0.8627177700348433,0
0.5211384246487146,0.003,1.0,0,13,0.8627177700348433,0
0.5211382459159161,0.011000000000000001,0.0,0,9,0.8627177700348433,0
0.5211380897150355,0.043,0.0,0,4,0.8627177700348433,0
0.5211380890251891,0.04,0.0,0,5,0.8627177700348433,0
0.5211380890209485,0.027000000000000003,0.0,0,7,0.8627177700348433,0
0.5211380889906141,0.018000000000000002,0.0,0,8,0.8627177700348433,0
0.5211380889884563,0.0,1.0,0,17,0.8627177700348433,0
rank_index,time,class,failures,ranking,nfpa,failure_metric
0.5211767623525155,0.0,1.0,0,21,0.8688714153561516,0
0.5211751868115958,0.0,1.0,0,20,0.8688714153561516,0
0.521167147563633,0.001,1.0,0,14,0.8688714153561516,0
0.5211670366532185,0.001,1.0,0,16,0.8688714153561516,0
0.5211663573891994,0.0,1.0,0,19,0.8688714153561516,0
0.5211593902685587,0.031,0.0,0,7,0.8688714153561516,0
0.5211517903700568,0.0,1.0,0,22,0.8688714153561516,0
0.5211512297185069,0.001,1.0,0,15,0.8688714153561516,0
0.5211500640377228,0.001,1.0,0,18,0.8688714153561516,0
0.5211493163725154,0.005,0.0,0,12,0.8688714153561516,0
0.521147710576813,0.002,1.0,0,13,0.8688714153561516,0
0.5211405144961799,0.062,0.0,0,3,0.8688714153561516,0
0.5211402261210686,0.081,0.0,0,1,0.8688714153561516,0
0.5211398885238985,0.079,0.0,0,2,0.8688714153561516,0
0.5211395988510316,0.006999999999999999,0.0,0,9,0.8688714153561516,0
0.5211395329821219,0.006,0.0,0,11,0.8688714153561516,0
0.5211384342278523,0.001,1.0,0,17,0.8688714153561516,0
0.5211382505151557,0.006999999999999999,0.0,0,10,0.8688714153561516,0
0.5211380897356923,0.04,0.0,0,4,0.8688714153561516,0
0.5211380890252887,0.039,0.0,0,5,0.8688714153561516,0
0.5211380890133488,0.034,0.0,0,6,0.8688714153561516,0
0.5211380889906757,0.016,0.0,0,8,0.8688714153561516,0
0.5211380889884563,0.0,1.0,0,23,0.8688714153561516,0
rank_index,time,class,failures,ranking,nfpa,failure_metric
0.5211765058394284,0.0,1.0,0,19,0.8456445993031358,0
0.5211667556998497,0.001,1.0,0,15,0.8456445993031358,0
0.5211591471937749,0.039,0.0,0,6,0.8456445993031358,0
0.5211526314730416,0.004,1.0,0,13,0.8456445993031358,0
0.5211516024843664,0.0,1.0,0,17,0.8456445993031358,0
0.5211510354065506,0.001,1.0,0,16,0.8456445993031358,0
0.5211475602446439,0.0,1.0,0,20,0.8456445993031358,0
0.5211460336865281,0.009000000000000001,0.0,0,10,0.8456445993031358,0
0.5211404705259858,0.059000000000000004,0.0,0,3,0.8456445993031358,0
0.5211402265046563,0.078,0.0,0,2,0.8456445993031358,0
0.5211401887571582,0.086,0.0,0,1,0.8456445993031358,0
0.5211395726267872,0.006999999999999999,0.0,0,11,0.8456445993031358,0
0.5211395074286566,0.006,0.0,0,12,0.8456445993031358,0
0.5211384281502671,0.003,1.0,0,14,0.8456445993031358,0
0.5211382476620351,0.011000000000000001,0.0,0,9,0.8456445993031358,0
0.5211380897222673,0.044000000000000004,0.0,0,5,0.8456445993031358,0
0.5211380890255697,0.049,0.0,0,4,0.8456445993031358,0
0.5211380890126731,0.023,0.0,0,7,0.8456445993031358,0
0.5211380889906353,0.018000000000000002,0.0,0,8,0.8456445993031358,0
0.5211380889884563,0.0,1.0,0,18,0.8456445993031358,0
rank_index,time,class,failures,ranking,nfpa,failure_metric
0.5211763582928506,0.0,1.0,0,19,0.8449477351916376,0
0.5211666005914576,0.001,1.0,0,16,0.8449477351916376,0
0.5211589906266748,0.036000000000000004,0.0,0,6,0.8449477351916376,0
0.5211540500493362,0.002,1.0,0,15,0.8449477351916376,0
0.5211514884046962,0.0,1.0,0,18,0.8449477351916376,0
0.5211509307600283,0.001,1.0,0,17,0.8449477351916376,0
0.5211485182743367,0.006,0.0,0,11,0.8449477351916376,0
0.5211474779169607,0.002,1.0,0,14,0.8449477351916376,0
0.5211405012399495,0.075,0.0,0,2,0.8449477351916376,0
0.5211404469788434,0.048,0.0,0,3,0.8449477351916376,0
0.5211401669085581,0.078,0.0,0,1,0.8449477351916376,0
0.5211395565761994,0.005,0.0,0,12,0.8449477351916376,0
0.5211394926529928,0.006,0.0,0,10,0.8449477351916376,0
0.5211384244190326,0.002,1.0,0,13,0.8449477351916376,0
0.5211382459019236,0.009000000000000001,0.0,0,9,0.8449477351916376,0
0.521138089714286,0.040999999999999995,0.0,0,4,0.8449477351916376,0
0.5211380890358073,0.02,0.0,0,7,0.8449477351916376,0
0.521138089025131,0.040999999999999995,0.0,0,5,0.8449477351916376,0
0.5211380889906123,0.019,0.0,0,8,0.8449477351916376,0
0.5211380889884563,0.0,1.0,0,20,0.8449477351916376,0
rank_index,time,class,failures,ranking,nfpa,failure_metric
0.521176391366969,0.001,1.0,0,15,0.8397212543554006,0
0.5211670892242607,0.0,1.0,0,19,0.8397212543554006,0
0.5211666314272316,0.001,1.0,0,14,0.8397212543554006,0
0.5211590270622657,0.031,0.0,0,6,0.8397212543554006,0
0.5211515070155938,0.001,1.0,0,18,0.8397212543554006,0
0.5211509501411079,0.001,1.0,0,16,0.8397212543554006,0
0.5211497629219121,0.009000000000000001,0.0,0,10,0.8397212543554006,0
0.521147492546972,0.001,1.0,0,17,0.8397212543554006,0
0.5211404538172439,0.08199999999999999,0.0,0,2,0.8397212543554006,0
0.5211402746469328,0.078,0.0,0,3,0.8397212543554006,0
0.5211401715044975,0.10800000000000001,0.0,0,1,0.8397212543554006,0
0.521139560391399,0.006999999999999999,0.0,0,12,0.8397212543554006,0
0.5211394955522379,0.008,0.0,0,11,0.8397212543554006,0
0.5211384250744111,0.005,0.0,0,13,0.8397212543554006,0
0.5211382463099835,0.012,0.0,0,9,0.8397212543554006,0
0.5211380897160115,0.044000000000000004,0.0,0,5,0.8397212543554006,0
0.5211380890252391,0.07200000000000001,0.0,0,4,0.8397212543554006,0
0.5211380890165546,0.026000000000000002,0.0,0,7,0.8397212543554006,0
0.5211380889890426,0.018000000000000002,0.0,0,8,0.8397212543554006,0
0.5211380889884563,0.0,1.0,0,20,0.8397212543554006,0
rank_index,time,class,failures,ranking,nfpa,failure_metric
0.5211763648490073,0.0,1.0,0,15,0.8473867595818815,0
0.5211666027965853,0.001,1.0,0,14,0.8473867595818815,0
0.5211590027394076,0.04,0.0,0,7,0.8473867595818815,0
0.521153024954845,0.003,1.0,0,12,0.8473867595818815,0
0.5211514938391729,0.0,1.0,0,16,0.8473867595818815,0
0.5211509314940531,0.0,1.0,0,18,0.8473867595818815,0
0.5211487914978651,0.006999999999999999,0.0,0,9,0.8473867595818815,0
0.5211474788956759,0.0,1.0,0,19,0.8473867595818815,0
0.5211404421255125,0.006999999999999999,0.0,0,10,0.8473867595818815,0
0.5211403337394749,0.071,0.0,0,3,0.8473867595818815,0
0.5211401633111974,0.085,0.0,0,2,0.8473867595818815,0
0.5211395574740075,0.0,1.0,0,17,0.8473867595818815,0
0.5211394928055374,0.006,0.0,0,11,0.8473867595818815,0
0.5211384244539526,0.002,1.0,0,13,0.8473867595818815,0
0.5211382459495797,0.011000000000000001,0.0,0,8,0.8473867595818815,0
0.5211380897145894,0.046,0.0,0,6,0.8473867595818815,0
0.5211380890250805,0.048,0.0,0,5,0.8473867595818815,0
0.5211380890209798,0.052000000000000005,0.0,0,4,0.8473867595818815,0
0.5211380889890413,0.099,0.0,0,1,0.8473867595818815,0
0.5211380889884563,0.0,1.0,0,20,0.8473867595818815,0
rank_index,time,class,failures,ranking,nfpa,failure_metric
0.5211765013492953,0.0,1.0,0,20,0.8641114982578397,0
0.521166874166584,0.0,1.0,0,15,0.8641114982578397,0
0.5211667585299087,0.0,1.0,0,16,0.8641114982578397,0
0.52115913674027,0.032,0.0,0,6,0.8641114982578397,0
0.5211515974544105,0.001,1.0,0,14,0.8641114982578397,0
0.5211510387407126,0.0,1.0,0,19,0.8641114982578397,0
0.5211491472689034,0.005,0.0,0,12,0.8641114982578397,0
0.5211475644123444,0.0,1.0,0,18,0.8641114982578397,0
0.5211404819027832,0.047,0.0,0,4,0.8641114982578397,0
0.5211403577920763,0.085,0.0,0,1,0.8641114982578397,0
0.5211401884180155,0.08,0.0,0,2,0.8641114982578397,0
0.5211395731049199,0.005,0.0,0,11,0.8641114982578397,0
0.5211395070032794,0.006,0.0,0,10,0.8641114982578397,0
0.5211384281321332,0.002,1.0,0,13,0.8641114982578397,0
0.5211382475535355,0.01,0.0,0,9,0.8641114982578397,0
0.5211380897217345,0.037000000000000005,0.0,0,5,0.8641114982578397,0
0.5211380890255339,0.047,0.0,0,3,0.8641114982578397,0
0.5211380890212387,0.027999999999999997,0.0,0,7,0.8641114982578397,0
0.5211380889890436,0.013000000000000001,0.0,0,8,0.8641114982578397,0
0.5211380889884567,0.0,1.0,0,17,0.8641114982578397,0
rank_index,time,class,failures,ranking,nfpa,failure_metric
0.5211763595121861,0.0,1.0,0,19,0.8439024390243902,0
0.5211665924348685,0.001,1.0,0,16,0.8439024390243902,0
0.5211590003355752,0.043,0.0,0,7,0.8439024390243902,0
0.5211534513441478,0.002,1.0,0,15,0.8439024390243902,0
0.5211514842926132,0.001,1.0,0,18,0.8439024390243902,0
0.5211509261791406,0.001,1.0,0,17,0.8439024390243902,0
0.5211474723565305,0.004,1.0,0,13,0.8439024390243902,0
0.5211458245070496,0.013000000000000001,0.0,0,9,0.8439024390243902,0
0.52114044919938,0.087,0.0,0,2,0.8439024390243902,0
0.5211403305088086,0.078,0.0,0,3,0.8439024390243902,0
0.521140167180469,0.124,0.0,0,1,0.8439024390243902,0
0.5211395571037084,0.009000000000000001,0.0,0,11,0.8439024390243902,0
0.5211394925073697,0.006,0.0,0,12,0.8439024390243902,0
0.5211384242726078,0.003,1.0,0,14,0.8439024390243902,0
0.5211382458891592,0.011000000000000001,0.0,0,10,0.8439024390243902,0
0.5211380897143606,0.063,0.0,0,4,0.8439024390243902,0
0.5211380890251219,0.049,0.0,0,6,0.8439024390243902,0
0.5211380890209579,0.054000000000000006,0.0,0,5,0.8439024390243902,0
0.5211380889890413,0.019,0.0,0,8,0.8439024390243902,0
0.5211380889884567,0.0,1.0,0,20,0.8439024390243902,0
rank_index,time,class,failures,ranking,nfpa,failure_metric
0.5211763522406878,0.0,1.0,0,19,0.8592334494773519,0
0.5211666978331938,0.001,1.0,0,14,0.8592334494773519,0
0.5211665939880846,0.001,1.0,0,15,0.8592334494773519,0
0.5211589830793221,0.03,0.0,0,7,0.8592334494773519,0
0.5211514845124292,0.0,1.0,0,17,0.8592334494773519,0
0.5211509241349561,0.0,1.0,0,20,0.8592334494773519,0
0.5211490470299347,0.006,0.0,0,12,0.8592334494773519,0
0.5211474712808615,0.001,1.0,0,16,0.8592334494773519,0
0.5211404397743191,0.057,0.0,0,3,0.8592334494773519,0
0.5211403320044916,0.079,0.0,0,2,0.8592334494773519,0
0.5211401586671456,0.085,0.0,0,1,0.8592334494773519,0
0.5211395557720476,0.006999999999999999,0.0,0,10,0.8592334494773519,0
0.5211394917832083,0.006999999999999999,0.0,0,11,0.8592334494773519,0
0.5211384242509962,0.003,1.0,0,13,0.8592334494773519,0
0.5211382458420871,0.01,0.0,0,9,0.8592334494773519,0
0.5211380897127613,0.053,0.0,0,4,0.8592334494773519,0
0.5211380890251162,0.049,0.0,0,5,0.8592334494773519,0
0.5211380890208702,0.032,0.0,0,6,0.8592334494773519,0
0.521138088989041,0.018000000000000002,0.0,0,8,0.8592334494773519,0
0.5211380889884567,0.0,1.0,0,18,0.8592334494773519,0
rank_index,time,class,failures,ranking,nfpa,failure_metric
0.521176359687159,0.0,1.0,0,18,0.8501742160278746,0
0.5211665917021644,0.002,1.0,0,16,0.8501742160278746,0
0.5211589957127485,0.047,0.0,0,7,0.8501742160278746,0
0.5211533283473363,0.003,1.0,0,14,0.8501742160278746,0
0.5211514849351743,0.0,1.0,0,20,0.8501742160278746,0
0.5211509293863874,0.001,1.0,0,17,0.8501742160278746,0
0.5211474744311136,0.005,0.0,0,13,0.8501742160278746,0
0.5211458223115721,0.01,0.0,0,12,0.8501742160278746,0
0.5211404470597507,0.073,0.0,0,3,0.8501742160278746,0
0.5211403324871612,0.08,0.0,0,2,0.8501742160278746,0
0.5211401653992088,0.08800000000000001,0.0,0,1,0.8501742160278746,0
0.5211395562720958,0.011000000000000001,0.0,0,10,0.8501742160278746,0
0.5211394921481763,0.01,0.0,0,11,0.8501742160278746,0
0.5211384244231183,0.003,1.0,0,15,0.8501742160278746,0
0.5211382458244653,0.016,0.0,0,9,0.8501742160278746,0
0.5211380897133908,0.055,0.0,0,4,0.8501742160278746,0
0.5211380890251371,0.047,0.0,0,6,0.8501742160278746,0
0.5211380890209445,0.049,0.0,0,5,0.8501742160278746,0
0.5211380889890411,0.022000000000000002,0.0,0,8,0.8501742160278746,0
0.5211380889884567,0.0,1.0,0,19,0.8501742160278746,0
rank_index,time,class,failures,ranking,nfpa,failure_metric
0.5211763633601014,0.0,1.0,0,18,0.8505226480836237,0
0.5211667085570408,0.0,1.0,0,17,0.8505226480836237,0
0.5211666023080278,0.002,1.0,0,14,0.8505226480836237,0
0.5211589903002356,0.035,0.0,0,6,0.8505226480836237,0
0.5211514903431612,0.0,1.0,0,20,0.8505226480836237,0
0.5211509301794839,0.001,1.0,0,16,0.8505226480836237,0
0.521147476960658,0.001,1.0,0,15,0.8505226480836237,0
0.5211458287819083,0.008,0.0,0,10,0.8505226480836237,0
0.5211404436122762,0.06,0.0,0,3,0.8505226480836237,0
0.5211403333639599,0.099,0.0,0,1,0.8505226480836237,0
0.5211401669519465,0.083,0.0,0,2,0.8505226480836237,0
0.5211395573244101,0.006999999999999999,0.0,0,12,0.8505226480836237,0
0.5211394923049137,0.008,0.0,0,11,0.8505226480836237,0
0.5211384244586658,0.003,1.0,0,13,0.8505226480836237,0
0.5211382459151446,0.012,0.0,0,9,0.8505226480836237,0
0.5211380897136898,0.049,0.0,0,4,0.8505226480836237,0
0.5211380890251474,0.040999999999999995,0.0,0,5,0.8505226480836237,0
0.5211380890209013,0.032,0.0,0,7,0.8505226480836237,0
0.5211380889889823,0.021,0.0,0,8,0.8505226480836237,0
0.5211380889884567,0.0,1.0,0,19,0.8505226480836237,0
rank_index,time,class,failures,ranking,nfpa,failure_metric
0.5211766525467564,0.0,1.0,0,20,0.875609756097561,0
0.5211669181736134,0.001,1.0,0,16,0.875609756097561,0
0.5211592910984479,0.005,0.0,0,11,0.875609756097561,0
0.5211535764348018,0.003,1.0,0,14,0.875609756097561,0
0.5211517165282227,0.0,1.0,0,18,0.875609756097561,0
0.5211511513547876,0.001,1.0,0,15,0.875609756097561,0
0.5211476507309724,0.0,1.0,0,19,0.875609756097561,0
0.5211459710992032,0.009000000000000001,0.0,0,8,0.875609756097561,0
0.5211404965593821,0.055999999999999994,0.0,0,3,0.875609756097561,0
0.5211403758105455,0.096,0.0,0,1,0.875609756097561,0
0.5211402111988412,0.08800000000000001,0.0,0,2,0.875609756097561,0
0.5211395878808269,0.006999999999999999,0.0,0,10,0.875609756097561,0
0.5211395226509373,0.004,1.0,0,12,0.875609756097561,0
0.5211384317137618,0.003,1.0,0,13,0.875609756097561,0
0.5211382492846345,0.008,0.0,0,9,0.875609756097561,0
0.5211380897300726,0.043,0.0,0,5,0.875609756097561,0
0.5211380890216682,0.037000000000000005,0.0,0,6,0.875609756097561,0
0.5211380890198691,0.048,0.0,0,4,0.875609756097561,0
0.5211380889885171,0.017,0.0,0,7,0.875609756097561,0
0.5211380889884567,0.001,1.0,0,17,0.875609756097561,0
rank_index,time,class,failures,ranking,nfpa,failure_metric
0.5211765891302892,0.0,1.0,0,20,0.8771970397779832,0
0.5211763602626575,0.001,1.0,0,17,0.8771970397779832,0
0.5211672781834802,0.0,1.0,0,19,0.8771970397779832,0
0.5211668436660829,0.002,1.0,0,15,0.8771970397779832,0
0.5211646732896678,0.0,1.0,0,18,0.8771970397779832,0
0.5211592585629059,0.040999999999999995,0.0,0,7,0.8771970397779832,0
0.5211516588519443,0.0,1.0,0,22,0.8771970397779832,0
0.5211510952482248,0.0,1.0,0,21,0.8771970397779832,0
0.5211498223579492,0.002,1.0,0,16,0.8771970397779832,0
0.5211476077965166,0.002,1.0,0,13,0.8771970397779832,0
0.5211459360916502,0.006999999999999999,0.0,0,12,0.8771970397779832,0
0.5211404850739325,0.059000000000000004,0.0,0,4,0.8771970397779832,0
0.5211401991456053,0.085,0.0,0,2,0.8771970397779832,0
0.5211398451140113,0.09300000000000001,0.0,0,1,0.8771970397779832,0
0.5211395807045396,0.008,0.0,0,11,0.8771970397779832,0
0.521139515463827,0.01,0.0,0,10,0.8771970397779832,0
0.5211384299480473,0.002,1.0,0,14,0.8771970397779832,0
0.5211382485518943,0.012,0.0,0,9,0.8771970397779832,0
0.5211380897263121,0.067,0.0,0,3,0.8771970397779832,0
0.5211380890176507,0.048,0.0,0,6,0.8771970397779832,0
0.5211380890092755,0.052000000000000005,0.0,0,5,0.8771970397779832,0
0.5211380889885181,0.026000000000000002,0.0,0,8,0.8771970397779832,0
0.5211380889884567,0.0,1.0,0,23,0.8771970397779832,0
rank_index,time,class,failures,ranking,nfpa,failure_metric
0.5211763630061632,0.0,1.0,0,18,0.856794425087108,0
0.5211666056390041,0.001,1.0,0,15,0.856794425087108,0
0.521166525432021,0.0,1.0,0,17,0.856794425087108,0
0.5211589908134084,0.04,0.0,0,7,0.856794425087108,0
0.5211514915347127,0.0,1.0,0,20,0.856794425087108,0
0.5211509306212928,0.001,1.0,0,16,0.856794425087108,0
0.521147479087546,0.002,1.0,0,14,0.856794425087108,0
0.5211458292297949,0.009000000000000001,0.0,0,10,0.856794425087108,0
0.5211404472320788,0.06,0.0,0,3,0.856794425087108,0
0.5211401668307424,0.083,0.0,0,2,0.856794425087108,0
0.5211398179362418,0.099,0.0,0,1,0.856794425087108,0
0.5211395576312849,0.005,0.0,0,12,0.856794425087108,0
0.5211394925175211,0.008,0.0,0,11,0.856794425087108,0
0.5211384245502618,0.003,1.0,0,13,0.856794425087108,0
0.5211382459314442,0.012,0.0,0,9,0.856794425087108,0
0.52113808971302,0.051,0.0,0,4,0.856794425087108,0
0.5211380890179731,0.043,0.0,0,6,0.856794425087108,0
0.5211380890089113,0.045,0.0,0,5,0.856794425087108,0
0.521138088988517,0.02,0.0,0,8,0.856794425087108,0
0.5211380889884567,0.0,1.0,0,19,0.856794425087108,0
rank_index,time,class,failures,ranking,nfpa,failure_metric
0.5211763227635791,0.0,1.0,0,20,0.8494773519163763,0
0.5211665595015103,0.001,1.0,0,14,0.8494773519163763,0
0.521166482770398,0.0,1.0,0,16,0.8494773519163763,0
0.521158958836562,0.023,0.0,0,6,0.8494773519163763,0
0.5211514612469013,0.0,1.0,0,19,0.8494773519163763,0
0.5211509062698273,0.002,1.0,0,12,0.8494773519163763,0
0.5211474557775635,0.001,1.0,0,15,0.8494773519163763,0
0.5211458067797928,0.006999999999999999,0.0,0,10,0.8494773519163763,0
0.5211404405077975,0.049,0.0,0,3,0.8494773519163763,0
0.5211401620831101,0.071,0.0,0,2,0.8494773519163763,0
0.5211398120708797,0.095,0.0,0,1,0.8494773519163763,0
0.5211395532000622,0.006,0.0,0,11,0.8494773519163763,0
0.521139488915061,0.0,1.0,0,18,0.8494773519163763,0
0.5211384235530945,0.002,1.0,0,13,0.8494773519163763,0
0.5211382454998191,0.008,0.0,0,9,0.8494773519163763,0
0.5211380897116802,0.016,0.0,0,8,0.8494773519163763,0
0.5211380890178909,0.040999999999999995,0.0,0,4,0.8494773519163763,0
0.5211380890088694,0.027000000000000003,0.0,0,5,0.8494773519163763,0
0.5211380889885169,0.016,0.0,0,7,0.8494773519163763,0
0.5211380889884567,0.0,1.0,0,17,0.8494773519163763,0
rank_index,time,class,failures,ranking,nfpa,failure_metric
0.5211764232917837,0.0,1.0,0,18,0.8640148011100832,0
0.521176020749533,0.0,1.0,0,16,0.8640148011100832,0
0.5211683516085005,0.0,1.0,0,17,0.8640148011100832,0
0.5211666568377339,0.002,1.0,0,14,0.8640148011100832,0
0.5211665777280957,0.0,1.0,0,23,0.8640148011100832,0
0.5211590734614364,0.037000000000000005,0.0,0,6,0.8640148011100832,0
0.5211515321737147,0.0,1.0,0,21,0.8640148011100832,0
0.5211509689244227,0.001,1.0,0,15,0.8640148011100832,0
0.5211499303964506,0.002,1.0,0,13,0.8640148011100832,0
0.5211475091718715,0.0,1.0,0,20,0.8640148011100832,0
0.5211458562658051,0.009000000000000001,0.0,0,10,0.8640148011100832,0
0.5211404593390722,0.054000000000000006,0.0,0,3,0.8640148011100832,0
0.5211401774674486,0.086,0.0,0,2,0.8640148011100832,0
0.5211398235271153,0.133,0.0,0,1,0.8640148011100832,0
0.5211395636308704,0.006999999999999999,0.0,0,11,0.8640148011100832,0
0.5211394988421197,0.0,1.0,0,22,0.8640148011100832,0
0.5211384258933257,0.003,1.0,0,12,0.8640148011100832,0
0.5211382466189906,0.011000000000000001,0.0,0,9,0.8640148011100832,0
0.5211380897193619,0.017,0.0,0,8,0.8640148011100832,0
0.5211380890180985,0.05,0.0,0,5,0.8640148011100832,0
0.5211380890090401,0.051,0.0,0,4,0.8640148011100832,0
0.5211380889885173,0.022000000000000002,0.0,0,7,0.8640148011100832,0
0.5211380889884567,0.0,1.0,0,19,0.8640148011100832,0
rank_index,time,class,failures,ranking,nfpa,failure_metric
0.5211763674701876,0.0,1.0,0,18,0.8473867595818815,0
0.5211666152767715,0.001,1.0,0,15,0.8473867595818815,0
0.5211590032549865,0.03,0.0,0,7,0.8473867595818815,0
0.521151497642111,0.0,1.0,0,19,0.8473867595818815,0
0.5211509402429783,0.0,1.0,0,16,0.8473867595818815,0
0.5211496771105234,0.002,1.0,0,14,0.8473867595818815,0
0.5211474858039183,0.0,1.0,0,17,0.8473867595818815,0
0.5211458278388305,0.008,0.0,0,10,0.8473867595818815,0
0.5211401689155591,0.084,0.0,0,2,0.8473867595818815,0
0.5211399471905529,0.054000000000000006,0.0,0,3,0.8473867595818815,0
0.5211398135348306,0.128,0.0,0,1,0.8473867595818815,0
0.5211395577090707,0.006999999999999999,0.0,0,11,0.8473867595818815,0
0.5211394951388783,0.006,0.0,0,12,0.8473867595818815,0
0.5211384247180489,0.004,1.0,0,13,0.8473867595818815,0
0.5211382461133746,0.01,0.0,0,9,0.8473867595818815,0
0.5211380897166545,0.037000000000000005,0.0,0,6,0.8473867595818815,0
0.5211380890179775,0.05,0.0,0,4,0.8473867595818815,0
0.5211380890089238,0.043,0.0,0,5,0.8473867595818815,0
0.5211380889885171,0.016,0.0,0,8,0.8473867595818815,0
0.5211380889884567,0.0,1.0,0,20,0.8473867595818815,0
rank_index,time,class,failures,ranking,nfpa,failure_metric
0.5211764945140301,0.0,1.0,0,22,0.8532126696832577,0
0.5211752188588198,0.0,1.0,0,16,0.8532126696832577,0
0.5211744954849015,0.0,1.0,0,14,0.8532126696832577,0
0.5211668757963304,0.0,1.0,0,15,0.8532126696832577,0
0.5211667422339583,0.0,1.0,0,20,0.8532126696832577,0
0.5211636279508906,0.0,1.0,0,17,0.8532126696832577,0
0.5211591388294371,0.036000000000000004,0.0,0,7,0.8532126696832577,0
0.5211565932673817,0.0,1.0,0,18,0.8532126696832577,0
0.5211515910634046,0.0,1.0,0,21,0.8532126696832577,0
0.5211510256127918,0.0,1.0,0,24,0.8532126696832577,0
0.5211497534792012,0.002,1.0,0,13,0.8532126696832577,0
0.5211475547879817,0.0,1.0,0,19,0.8532126696832577,0
0.521145892735652,0.006,0.0,0,10,0.8532126696832577,0
0.5211401863378841,0.07400000000000001,0.0,0,2,0.8532126696832577,0
0.5211399629433401,0.046,0.0,0,3,0.8532126696832577,0
0.5211398285006196,0.095,0.0,0,1,0.8532126696832577,0
0.5211395708613729,0.006,0.0,0,11,0.8532126696832577,0
0.5211395055187982,0.005,0.0,0,12,0.8532126696832577,0
0.5211384276242467,0.0,1.0,0,23,0.8532126696832577,0
0.5211382473705138,0.009000000000000001,0.0,0,9,0.8532126696832577,0
0.5211380897218082,0.037000000000000005,0.0,0,6,0.8532126696832577,0
0.5211380890182308,0.042,0.0,0,4,0.8532126696832577,0
0.5211380890091227,0.039,0.0,0,5,0.8532126696832577,0
0.5211380889885177,0.012,0.0,0,8,0.8532126696832577,0
0.5211380889884568,0.0,1.0,0,25,0.8532126696832577,0
rank_index,time,class,failures,ranking,nfpa,failure_metric
0.5211763994791653,0.0,1.0,0,17,0.8581632653061224,0
0.5211705930080704,0.0,1.0,0,18,0.8581632653061224,0
0.5211666402696999,0.001,1.0,0,15,0.8581632653061224,0
0.5211665582658509,0.0,1.0,0,20,0.8581632653061224,0
0.5211646321887088,0.0,1.0,0,19,0.8581632653061224,0
0.5211590300433523,0.031,0.0,0,6,0.8581632653061224,0
0.5211528095622388,0.001,1.0,0,14,0.8581632653061224,0
0.5211515157644231,0.0,1.0,0,22,0.8581632653061224,0
0.5211509586364635,0.0,1.0,0,21,0.8581632653061224,0
0.5211496975422244,0.002,1.0,0,13,0.8581632653061224,0
0.5211474974625422,0.0,1.0,0,23,0.8581632653061224,0
0.5211458436112956,0.006,0.0,0,10,0.8581632653061224,0
0.5211401735458496,0.071,0.0,0,2,0.8581632653061224,0
0.5211399509792508,0.048,0.0,0,3,0.8581632653061224,0
0.5211398207162565,0.085,0.0,0,1,0.8581632653061224,0
0.5211395609206656,0.005,0.0,0,11,0.8581632653061224,0
0.5211394962146219,0.005,0.0,0,12,0.8581632653061224,0
0.5211384254228998,0.001,1.0,0,16,0.8581632653061224,0
0.5211382463511522,0.01,0.0,0,9,0.8581632653061224,0
0.5211380897166281,0.036000000000000004,0.0,0,5,0.8581632653061224,0
0.5211380890180509,0.040999999999999995,0.0,0,4,0.8581632653061224,0
0.5211380890089841,0.019,0.0,0,7,0.8581632653061224,0
0.5211380889885172,0.013999999999999999,0.0,0,8,0.8581632653061224,0
0.5211380889884567,0.0,1.0,0,24,0.8581632653061224,0
rank_index,time,class,failures,ranking,nfpa,failure_metric
0.5211764574421489,0.001,1.0,0,18,0.8827149321266968,0
0.5211706651359905,0.0,1.0,0,22,0.8827149321266968,0
0.521166707925935,0.002,1.0,0,17,0.8827149321266968,0
0.5211666340779393,0.0,1.0,0,19,0.8827149321266968,0
0.5211647041079839,0.0,1.0,0,21,0.8827149321266968,0
0.5211591021548326,0.031,0.0,0,7,0.8827149321266968,0
0.5211528626696517,0.002,1.0,0,15,0.8827149321266968,0
0.5211515643735831,0.0,1.0,0,24,0.8827149321266968,0
0.5211510034541768,0.0,1.0,0,25,0.8827149321266968,0
0.5211475377600974,0.002,1.0,0,16,0.8827149321266968,0
0.5211449663524863,0.008,0.0,0,10,0.8827149321266968,0
0.5211444522497375,0.003,1.0,0,14,0.8827149321266968,0
0.5211413104895769,0.0,1.0,0,20,0.8827149321266968,0
0.5211401842889913,0.073,0.0,0,2,0.8827149321266968,0
0.5211399602121204,0.055,0.0,0,3,0.8827149321266968,0
0.5211398316455957,0.087,0.0,0,1,0.8827149321266968,0
0.5211395679661511,0.006999999999999999,0.0,0,12,0.8827149321266968,0
0.5211395032728237,0.006999999999999999,0.0,0,11,0.8827149321266968,0
0.5211384270026898,0.004,1.0,0,13,0.8827149321266968,0
0.5211382471299947,0.013999999999999999,0.0,0,9,0.8827149321266968,0
0.5211380897200504,0.046,0.0,0,4,0.8827149321266968,0
0.5211380890181979,0.046,0.0,0,5,0.8827149321266968,0
0.5211380890091268,0.034,0.0,0,6,0.8827149321266968,0
0.5211380889885175,0.019,0.0,0,8,0.8827149321266968,0
0.5211380889884535,0.0,1.0,0,23,0.8827149321266968,0
rank_index,time,class,failures,ranking,nfpa,failure_metric
0.5211763881314534,0.0,1.0,0,15,0.8724489795918366,0
0.5211751085391582,0.001,1.0,0,14,0.8724489795918366,0
0.5211705763555601,0.0,1.0,0,21,0.8724489795918366,0
0.5211666248130764,0.002,1.0,0,13,0.8724489795918366,0
0.521166543842376,0.0,1.0,0,20,0.8724489795918366,0
0.5211646152433794,0.0,1.0,0,22,0.8724489795918366,0
0.5211590304378909,0.03,0.0,0,6,0.8724489795918366,0
0.5211527938948618,0.0,1.0,0,24,0.8724489795918366,0
0.5211515062937326,0.0,1.0,0,23,0.8724489795918366,0
0.5211509503527461,0.0,1.0,0,18,0.8724489795918366,0
0.5211474905072389,0.0,1.0,0,16,0.8724489795918366,0
0.5211449345758662,0.006999999999999999,0.0,0,9,0.8724489795918366,0
0.5211401726092,0.073,0.0,0,2,0.8724489795918366,0
0.5211399488728022,0.047,0.0,0,4,0.8724489795918366,0
0.5211398211296063,0.09300000000000001,0.0,0,1,0.8724489795918366,0
0.5211395600069825,0.006,0.0,0,10,0.8724489795918366,0
0.5211390825571561,0.005,0.0,0,11,0.8724489795918366,0
0.5211384249363249,0.003,1.0,0,12,0.8724489795918366,0
0.5211382461415391,0.0,1.0,0,19,0.8724489795918366,0
0.5211380897156369,0.036000000000000004,0.0,0,5,0.8724489795918366,0
0.5211380890180186,0.05,0.0,0,3,0.8724489795918366,0
0.5211380890089767,0.024,0.0,0,7,0.8724489795918366,0
0.5211380889885171,0.016,0.0,0,8,0.8724489795918366,0
0.5211380889884535,0.0,1.0,0,17,0.8724489795918366,0
rank_index,time,class,failures,ranking,nfpa,failure_metric
0.5211666250453956,0.053,0.0,0,2,0.7582417582417582,0
0.5211515118348475,0.0,1.0,0,5,0.7582417582417582,0
0.5211449317212852,0.017,0.0,0,3,0.7582417582417582,0
0.521138425091908,0.006,0.0,0,4,0.7582417582417582,0
0.5211380890014347,0.107,0.0,0,1,0.7582417582417582,0
0.5211380889884535,0.0,1.0,0,6,0.7582417582417582,0
rank_index,time,class,failures,ranking,nfpa,failure_metric
0.521176899272117,0.001,1.0,0,19,0.8456445993031358,0
0.5211669065047089,0.002,1.0,0,14,0.8456445993031358,0
0.5211595460797993,0.039,0.0,0,7,0.8456445993031358,0
0.5211517516591206,0.001,1.0,0,16,0.8456445993031358,0
0.5211513350279945,0.001,1.0,0,18,0.8456445993031358,0
0.5211477954396063,0.001,1.0,0,17,0.8456445993031358,0
0.5211450709561782,0.011000000000000001,0.0,0,10,0.8456445993031358,0
0.5211447207097906,0.002,1.0,0,15,0.8456445993031358,0
0.5211402501616418,0.083,0.0,0,2,0.8456445993031358,0
0.5211400199042135,0.077,0.0,0,3,0.8456445993031358,0
0.5211398856944384,0.091,0.0,0,1,0.8456445993031358,0
0.521139614482885,0.006999999999999999,0.0,0,12,0.8456445993031358,0
0.521139120817584,0.008,0.0,0,11,0.8456445993031358,0
0.5211384327506478,0.005,0.0,0,13,0.8456445993031358,0
0.5211382523972633,0.012,0.0,0,9,0.8456445993031358,0
0.521138089744112,0.04,0.0,0,6,0.8456445993031358,0
0.5211380890097896,0.055,0.0,0,4,0.8456445993031358,0
0.5211380889917981,0.053,0.0,0,5,0.8456445993031358,0
0.5211380889885198,0.021,0.0,0,8,0.8456445993031358,0
0.5211380889884536,0.0,1.0,0,20,0.8456445993031358,0
rank_index,time,class,failures,ranking,nfpa,failure_metric
0.5211765403029315,0.0,1.0,0,20,0.8668989547038328,0
0.5211675058954549,0.001,1.0,0,16,0.8668989547038328,0
0.5211667974966798,0.002,1.0,0,14,0.8668989547038328,0
0.5211591707008324,0.027999999999999997,0.0,0,6,0.8668989547038328,0
0.5211516268870547,0.002,1.0,0,15,0.8668989547038328,0
0.5211510617627421,0.001,1.0,0,19,0.8668989547038328,0
0.5211475833503845,0.001,1.0,0,18,0.8668989547038328,0
0.5211449980908156,0.008,0.0,0,11,0.8668989547038328,0
0.521140193119773,0.092,0.0,0,1,0.8668989547038328,0
0.5211399652885672,0.047,0.0,0,4,0.8668989547038328,0
0.5211398406049472,0.079,0.0,0,2,0.8668989547038328,0
0.5211395761849718,0.006,0.0,0,13,0.8668989547038328,0
0.5211390940431398,0.006999999999999999,0.0,0,12,0.8668989547038328,0
0.5211384289695589,0.008,0.0,0,10,0.8668989547038328,0
0.5211382479763526,0.01,0.0,0,9,0.8668989547038328,0
0.5211380897244132,0.038,0.0,0,5,0.8668989547038328,0
0.5211380890091785,0.02,0.0,0,8,0.8668989547038328,0
0.5211380889915813,0.07400000000000001,0.0,0,3,0.8668989547038328,0
0.5211380889884603,0.023,0.0,0,7,0.8668989547038328,0
0.5211380889884536,0.001,1.0,0,17,0.8668989547038328,0
rank_index,time,class,failures,ranking,nfpa,failure_metric
0.5211763616187101,0.001,1.0,0,18,0.854006968641115,0
0.5211665966353962,0.002,1.0,0,15,0.854006968641115,0
0.5211665197262575,0.0,1.0,0,19,0.854006968641115,0
0.5211590087158471,0.046,0.0,0,6,0.854006968641115,0
0.5211514874733087,0.001,1.0,0,17,0.854006968641115,0
0.5211509317631176,0.002,1.0,0,16,0.854006968641115,0
0.5211474754426882,0.003,1.0,0,14,0.854006968641115,0
0.5211449217641924,0.011000000000000001,0.0,0,11,0.854006968641115,0
0.5211401659241472,0.106,0.0,0,2,0.854006968641115,0
0.5211399472045151,0.059000000000000004,0.0,0,4,0.854006968641115,0
0.5211398193387183,0.12,0.0,0,1,0.854006968641115,0
0.5211395574078044,0.009000000000000001,0.0,0,12,0.854006968641115,0
0.5211390808680788,0.011000000000000001,0.0,0,10,0.854006968641115,0
0.5211384242407838,0.004,1.0,0,13,0.854006968641115,0
0.5211382459720478,0.017,0.0,0,9,0.854006968641115,0
0.5211380897145371,0.051,0.0,0,5,0.854006968641115,0
0.5211380890089596,0.021,0.0,0,8,0.854006968641115,0
0.5211380889916208,0.07,0.0,0,3,0.854006968641115,0
0.5211380889884609,0.027999999999999997,0.0,0,7,0.854006968641115,0
0.5211380889884536,0.0,1.0,0,20,0.854006968641115,0
rank_index,time,class,failures,ranking,nfpa,failure_metric
0.5211763738869012,0.0,1.0,0,22,0.8793148880105401,0
0.5211683674026469,0.0,1.0,0,20,0.8793148880105401,0
0.5211666129109559,0.001,1.0,0,17,0.8793148880105401,0
0.5211665362738187,0.001,1.0,0,18,0.8793148880105401,0
0.52115900353778,0.026000000000000002,0.0,0,7,0.8793148880105401,0
0.5211515004346888,0.001,1.0,0,15,0.8793148880105401,0
0.5211509424557135,0.001,1.0,0,16,0.8793148880105401,0
0.5211474854881105,0.001,1.0,0,19,0.8793148880105401,0
0.5211449275970416,0.011000000000000001,0.0,0,10,0.8793148880105401,0
0.5211446397574272,0.002,1.0,0,14,0.8793148880105401,0
0.5211401651408136,0.071,0.0,0,3,0.8793148880105401,0
0.5211399472137097,0.073,0.0,0,2,0.8793148880105401,0
0.5211398150449054,0.091,0.0,0,1,0.8793148880105401,0
0.5211395588258689,0.006,0.0,0,12,0.8793148880105401,0
0.5211390819110914,0.008,0.0,0,11,0.8793148880105401,0
0.5211384246764933,0.003,1.0,0,13,0.8793148880105401,0
0.5211382460276052,0.013000000000000001,0.0,0,9,0.8793148880105401,0
0.5211380897146253,0.043,0.0,0,5,0.8793148880105401,0
0.5211380890089976,0.028999999999999998,0.0,0,6,0.8793148880105401,0
0.5211380889916261,0.05,0.0,0,4,0.8793148880105401,0
0.5211380889884579,0.02,0.0,0,8,0.8793148880105401,0
0.5211380889884536,0.0,1.0,0,21,0.8793148880105401,0
rank_index,time,class,failures,ranking,nfpa,failure_metric
0.5211763629934203,0.001,1.0,0,18,0.8758893280632412,0
0.5211666001624128,0.003,1.0,0,16,0.8758893280632412,0
0.5211665254056955,0.0,1.0,0,19,0.8758893280632412,0
0.5211608087315707,0.0,1.0,0,20,0.8758893280632412,0
0.5211590090869535,0.032,0.0,0,8,0.8758893280632412,0
0.5211514878395859,0.0,1.0,0,21,0.8758893280632412,0
0.5211509304800634,0.002,1.0,0,17,0.8758893280632412,0
0.521147478459185,0.003,1.0,0,15,0.8758893280632412,0
0.5211449210706561,0.011000000000000001,0.0,0,10,0.8758893280632412,0
0.5211444127552355,0.003,1.0,0,14,0.8758893280632412,0
0.5211401695455448,0.085,0.0,0,2,0.8758893280632412,0
0.5211399423854568,0.07,0.0,0,4,0.8758893280632412,0
0.521139818168972,0.092,0.0,0,1,0.8758893280632412,0
0.5211395571622824,0.01,0.0,0,11,0.8758893280632412,0
0.5211390809507929,0.008,0.0,0,12,0.8758893280632412,0
0.521138424490827,0.006,0.0,0,13,0.8758893280632412,0
0.5211382458850988,0.012,0.0,0,9,0.8758893280632412,0
0.5211380897145603,0.059000000000000004,0.0,0,5,0.8758893280632412,0
0.52113808900895,0.043,0.0,0,6,0.8758893280632412,0
0.5211380889916285,0.076,0.0,0,3,0.8758893280632412,0
0.5211380889884578,0.037000000000000005,0.0,0,7,0.8758893280632412,0
0.5211380889884536,0.0,1.0,0,22,0.8758893280632412,0
rank_index,time,class,failures,ranking,nfpa,failure_metric
0.5211763956723041,0.001,1.0,0,18,0.8747511312217193,0
0.5211723444864922,0.0,1.0,0,20,0.8747511312217193,0
0.5211666361300774,0.002,1.0,0,15,0.8747511312217193,0
0.5211665581460997,0.0,1.0,0,23,0.8747511312217193,0
0.5211663836965635,0.0,1.0,0,21,0.8747511312217193,0
0.5211608433060705,0.0,1.0,0,22,0.8747511312217193,0
0.5211590319637076,0.032,0.0,0,6,0.8747511312217193,0
0.5211541613548376,0.001,1.0,0,17,0.8747511312217193,0
0.5211515146675507,0.002,1.0,0,16,0.8747511312217193,0
0.5211509516428022,0.003,1.0,0,14,0.8747511312217193,0
0.5211474960738824,0.0,1.0,0,24,0.8747511312217193,0
0.5211449341165424,0.013000000000000001,0.0,0,9,0.8747511312217193,0
0.5211444209860528,0.001,1.0,0,19,0.8747511312217193,0
0.5211401717140096,0.087,0.0,0,2,0.8747511312217193,0
0.5211399477087585,0.079,0.0,0,3,0.8747511312217193,0
0.5211398214399854,0.09699999999999999,0.0,0,1,0.8747511312217193,0
0.5211395596904096,0.006,0.0,0,13,0.8747511312217193,0
0.5211390834782433,0.008,0.0,0,11,0.8747511312217193,0
0.5211384252767804,0.006,0.0,0,12,0.8747511312217193,0
0.5211382462614423,0.013000000000000001,0.0,0,10,0.8747511312217193,0
0.5211380897149666,0.040999999999999995,0.0,0,5,0.8747511312217193,0
0.5211380890089745,0.031,0.0,0,7,0.8747511312217193,0
0.5211380889916282,0.059000000000000004,0.0,0,4,0.8747511312217193,0
0.5211380889884579,0.019,0.0,0,8,0.8747511312217193,0
0.5211380889884536,0.0,1.0,0,25,0.8747511312217193,0
rank_index,time,class,failures,ranking,nfpa,failure_metric
0.5211765510503334,0.001,1.0,0,15,0.884705882352941,0
0.5211764668873404,0.0,1.0,0,20,0.884705882352941,0
0.521170669676335,0.0,1.0,0,18,0.884705882352941,0
0.5211667143428373,0.001,1.0,0,16,0.884705882352941,0
0.5211666380979799,0.0,1.0,0,17,0.884705882352941,0
0.5211647017410557,0.0,1.0,0,24,0.884705882352941,0
0.521159108041434,0.028999999999999998,0.0,0,6,0.884705882352941,0
0.5211528605620906,0.0,1.0,0,25,0.884705882352941,0
0.5211515656071233,0.0,1.0,0,23,0.884705882352941,0
0.5211510080532595,0.0,1.0,0,19,0.884705882352941,0
0.521147538850476,0.0,1.0,0,22,0.884705882352941,0
0.5211449642074097,0.011000000000000001,0.0,0,10,0.884705882352941,0
0.5211444574232212,0.001,1.0,0,14,0.884705882352941,0
0.5211401818646136,0.084,0.0,0,2,0.884705882352941,0
0.5211399556759807,0.053,0.0,0,4,0.884705882352941,0
0.5211398300212134,0.09300000000000001,0.0,0,1,0.884705882352941,0
0.5211395683423637,0.006999999999999999,0.0,0,11,0.884705882352941,0
0.5211390881619943,0.006999999999999999,0.0,0,12,0.884705882352941,0
0.5211384269404372,0.004,1.0,0,13,0.884705882352941,0
0.5211382471386458,0.011000000000000001,0.0,0,9,0.884705882352941,0
0.521138089720286,0.044000000000000004,0.0,0,5,0.884705882352941,0
0.5211380890091041,0.022000000000000002,0.0,0,8,0.884705882352941,0
0.5211380889916511,0.055,0.0,0,3,0.884705882352941,0
0.5211380889884579,0.023,0.0,0,7,0.884705882352941,0
0.5211380889884536,0.0,1.0,0,21,0.884705882352941,0
rank_index,time,class,failures,ranking,nfpa,failure_metric
0.52117635948731,0.001,1.0,0,16,0.8781632653061227,0
0.5211705518732084,0.0,1.0,0,20,0.8781632653061227,0
0.5211665953213536,0.002,1.0,0,15,0.8781632653061227,0
0.5211665168275728,0.0,1.0,0,22,0.8781632653061227,0
0.52116459815544,0.0,1.0,0,21,0.8781632653061227,0
0.5211590018960092,0.031,0.0,0,6,0.8781632653061227,0
0.5211527845668753,0.0,1.0,0,19,0.8781632653061227,0
0.5211514851291755,0.0,1.0,0,24,0.8781632653061227,0
0.5211509286894391,0.001,1.0,0,17,0.8781632653061227,0
0.5211474735672407,0.001,1.0,0,18,0.8781632653061227,0
0.5211449190241703,0.009000000000000001,0.0,0,10,0.8781632653061227,0
0.5211444087832615,0.003,1.0,0,14,0.8781632653061227,0
0.5211401667589982,0.085,0.0,0,2,0.8781632653061227,0
0.5211399449176123,0.052000000000000005,0.0,0,4,0.8781632653061227,0
0.5211398168493411,0.092,0.0,0,1,0.8781632653061227,0
0.5211395569652608,0.006999999999999999,0.0,0,11,0.8781632653061227,0
0.5211390806812399,0.006,0.0,0,12,0.8781632653061227,0
0.5211384242140213,0.005,0.0,0,13,0.8781632653061227,0
0.5211382458381525,0.012,0.0,0,9,0.8781632653061227,0
0.521138089408689,0.042,0.0,0,5,0.8781632653061227,0
0.5211380890089574,0.03,0.0,0,7,0.8781632653061227,0
0.5211380889916255,0.057999999999999996,0.0,0,3,0.8781632653061227,0
0.5211380889884578,0.019,0.0,0,8,0.8781632653061227,0
0.5211380889884536,0.0,1.0,0,23,0.8781632653061227,0
rank_index,time,class,failures,ranking,nfpa,failure_metric
0.5211763807669696,0.0,1.0,0,20,0.8736734693877553,0
0.5211705793153831,0.0,1.0,0,17,0.8736734693877553,0
0.5211666214375085,0.002,1.0,0,15,0.8736734693877553,0
0.5211665465689074,0.0,1.0,0,19,0.8736734693877553,0
0.5211646185946013,0.0,1.0,0,18,0.8736734693877553,0
0.5211590251057129,0.036000000000000004,0.0,0,7,0.8736734693877553,0
0.5211527988394421,0.001,1.0,0,16,0.8736734693877553,0
0.5211515086778974,0.0,1.0,0,22,0.8736734693877553,0
0.5211509451103165,0.0,1.0,0,21,0.8736734693877553,0
0.5211474909473013,0.0,1.0,0,24,0.8736734693877553,0
0.5211449291847642,0.01,0.0,0,10,0.8736734693877553,0
0.5211444188112212,0.002,1.0,0,14,0.8736734693877553,0
0.5211401697906884,0.084,0.0,0,2,0.8736734693877553,0
0.5211399491681762,0.057999999999999996,0.0,0,3,0.8736734693877553,0
0.521139819916357,0.09,0.0,0,1,0.8736734693877553,0
0.5211395586132997,0.008,0.0,0,12,0.8736734693877553,0
0.5211390825667257,0.01,0.0,0,11,0.8736734693877553,0
0.5211384248851317,0.003,1.0,0,13,0.8736734693877553,0
0.5211382461321585,0.013999999999999999,0.0,0,9,0.8736734693877553,0
0.5211380892706711,0.049,0.0,0,5,0.8736734693877553,0
0.5211380890089784,0.042,0.0,0,6,0.8736734693877553,0
0.5211380889916305,0.053,0.0,0,4,0.8736734693877553,0
0.5211380889884579,0.027999999999999997,0.0,0,8,0.8736734693877553,0
0.5211380889884536,0.0,1.0,0,23,0.8736734693877553,0
rank_index,time,class,failures,ranking,nfpa,failure_metric
0.5211752053851472,0.0,1.0,0,16,0.8817932591517498,0
0.5211750936614683,0.0,1.0,0,26,0.8817932591517498,0
0.5211708084735633,0.0,1.0,0,19,0.8817932591517498,0
0.5211668526651952,0.001,1.0,0,14,0.8817932591517498,0
0.521166775649236,0.0,1.0,0,20,0.8817932591517498,0
0.5211648462570033,0.0,1.0,0,18,0.8817932591517498,0
0.521161716318294,0.0,1.0,0,24,0.8817932591517498,0
0.5211592296070944,0.032,0.0,0,6,0.8817932591517498,0
0.5211516667267448,0.0,1.0,0,23,0.8817932591517498,0
0.5211511032652639,0.0,1.0,0,22,0.8817932591517498,0
0.5211476154424214,0.0,1.0,0,21,0.8817932591517498,0
0.5211450260820535,0.008,0.0,0,10,0.8817932591517498,0
0.5211445074693286,0.002,1.0,0,13,0.8817932591517498,0
0.5211435875073868,0.0,1.0,0,17,0.8817932591517498,0
0.5211402014862625,0.08,0.0,0,2,0.8817932591517498,0
0.5211399756019154,0.05,0.0,0,4,0.8817932591517498,0
0.5211398476067017,0.09,0.0,0,1,0.8817932591517498,0
0.5211395822339632,0.006,0.0,0,11,0.8817932591517498,0
0.5211390977270841,0.004,1.0,0,12,0.8817932591517498,0
0.5211384302203289,0.001,1.0,0,15,0.8817932591517498,0
0.5211382486350538,0.011000000000000001,0.0,0,9,0.8817932591517498,0
0.5211380893021945,0.042,0.0,0,5,0.8817932591517498,0
0.5211380890092857,0.019,0.0,0,7,0.8817932591517498,0
0.5211380889916813,0.053,0.0,0,3,0.8817932591517498,0
0.5211380889884579,0.015,0.0,0,8,0.8817932591517498,0
0.5211380889884536,0.0,1.0,0,25,0.8817932591517498,0
rank_index,time,class,failures,ranking,nfpa,failure_metric
0.5211748829351722,0.001,1.0,0,16,0.8442508710801394,0
0.5211666201037639,0.001,1.0,0,15,0.8442508710801394,0
0.521159022782482,0.044000000000000004,0.0,0,7,0.8442508710801394,0
0.5211515050463533,0.0,1.0,0,19,0.8442508710801394,0
0.5211509445608208,0.001,1.0,0,17,0.8442508710801394,0
0.5211474884230622,0.001,1.0,0,18,0.8442508710801394,0
0.521144930088339,0.01,0.0,0,11,0.8442508710801394,0
0.5211444161167883,0.003,1.0,0,14,0.8442508710801394,0
0.5211401702628545,0.111,0.0,0,1,0.8442508710801394,0
0.5211399490522229,0.08199999999999999,0.0,0,2,0.8442508710801394,0
0.5211398202002637,0.077,0.0,0,3,0.8442508710801394,0
0.521139558727443,0.006,0.0,0,12,0.8442508710801394,0
0.5211390827050141,0.011000000000000001,0.0,0,10,0.8442508710801394,0
0.521138424967945,0.004,1.0,0,13,0.8442508710801394,0
0.5211382460991948,0.013000000000000001,0.0,0,9,0.8442508710801394,0
0.5211380893031756,0.063,0.0,0,4,0.8442508710801394,0
0.5211380890089963,0.052000000000000005,0.0,0,5,0.8442508710801394,0
0.521138088991632,0.045,0.0,0,6,0.8442508710801394,0
0.5211380889884579,0.026000000000000002,0.0,0,8,0.8442508710801394,0
0.5211380889884536,0.0,1.0,0,20,0.8442508710801394,0
rank_index,time,class,failures,ranking,nfpa,failure_metric
0.5211707476960901,0.0,1.0,0,19,0.8902834008097164,0
0.5211667195749656,0.0,1.0,0,16,0.8902834008097164,0
0.5211665846014781,0.002,1.0,0,11,0.8902834008097164,0
0.5211647854835718,0.0,1.0,0,18,0.8902834008097164,0
0.5211514767145671,0.002,1.0,0,12,0.8902834008097164,0
0.5211509223061135,0.001,1.0,0,13,0.8902834008097164,0
0.5211474713542948,0.001,1.0,0,14,0.8902834008097164,0
0.5211435672529613,0.001,1.0,0,15,0.8902834008097164,0
0.5211401604773627,0.09,0.0,0,2,0.8902834008097164,0
0.521139939730395,0.055999999999999994,0.0,0,4,0.8902834008097164,0
0.5211398181695224,0.127,0.0,0,1,0.8902834008097164,0
0.5211390797124149,0.008,0.0,0,10,0.8902834008097164,0
0.5211384242060298,0.008,0.0,0,9,0.8902834008097164,0
0.5211382457871798,0.015,0.0,0,8,0.8902834008097164,0
0.5211380893018274,0.045,0.0,0,5,0.8902834008097164,0
0.5211380890088916,0.033,0.0,0,6,0.8902834008097164,0
0.5211380889916268,0.064,0.0,0,3,0.8902834008097164,0
0.5211380889884578,0.022000000000000002,0.0,0,7,0.8902834008097164,0
0.5211380889884536,0.0,1.0,0,17,0.8902834008097164,0
rank_index,time,class,failures,ranking,nfpa,failure_metric
0.5211509346228171,0.0,1.0,0,9,0.8385964912280701,0
0.5211413057750229,0.102,0.0,0,3,0.8385964912280701,0
0.5211398136181339,0.125,0.0,0,1,0.8385964912280701,0
0.5211390817206122,0.01,0.0,0,7,0.8385964912280701,0
0.5211384245070603,0.006999999999999999,0.0,0,8,0.8385964912280701,0
0.5211382459480891,0.016,0.0,0,6,0.8385964912280701,0
0.5211380893027941,0.057999999999999996,0.0,0,4,0.8385964912280701,0
0.5211380889916263,0.12,0.0,0,2,0.8385964912280701,0
0.5211380889884579,0.040999999999999995,0.0,0,5,0.8385964912280701,0
rank_index,time,class,failures,ranking,nfpa,failure_metric
0.5211709616155075,0.0,1.0,0,18,0.8838056680161942,0
0.5211670071166093,0.002,1.0,0,11,0.8838056680161942,0
0.521166930706953,0.0,1.0,0,15,0.8838056680161942,0
0.5211649978784637,0.001,1.0,0,14,0.8838056680161942,0
0.521151773821704,0.0,1.0,0,19,0.8838056680161942,0
0.5211510738290527,0.0,1.0,0,16,0.8838056680161942,0
0.5211476968163681,0.001,1.0,0,12,0.8838056680161942,0
0.5211436388231631,0.001,1.0,0,13,0.8838056680161942,0
0.5211413448299079,0.086,0.0,0,2,0.8838056680161942,0
0.5211399950226029,0.066,0.0,0,3,0.8838056680161942,0
0.5211398366418958,0.08900000000000001,0.0,0,1,0.8838056680161942,0
0.5211390943082764,0.008,0.0,0,9,0.8838056680161942,0
0.5211384290094472,0.003,1.0,0,10,0.8838056680161942,0
0.5211382480323249,0.022000000000000002,0.0,0,8,0.8838056680161942,0
0.521138089306669,0.048,0.0,0,5,0.8838056680161942,0
0.5211380890095093,0.033,0.0,0,6,0.8838056680161942,0
0.5211380889910028,0.06,0.0,0,4,0.8838056680161942,0
0.5211380889884579,0.031,0.0,0,7,0.8838056680161942,0
0.5211380889884536,0.0,1.0,0,17,0.8838056680161942,0
rank_index,time,class,failures,ranking,nfpa,failure_metric
0.5211755907093534,0.0,1.0,0,16,0.8348432055749129,0
0.5211666020935398,0.003,1.0,0,13,0.8348432055749129,0
0.5211665276011618,0.0,1.0,0,15,0.8348432055749129,0
0.5211597046231146,0.033,0.0,0,6,0.8348432055749129,0
0.5211514925792651,0.0,1.0,0,19,0.8348432055749129,0
0.5211509345294499,0.0,1.0,0,17,0.8348432055749129,0
0.5211474781833502,0.0,1.0,0,18,0.8348432055749129,0
0.5211452436782481,0.01,0.0,0,11,0.8348432055749129,0
0.5211413052314028,0.09,0.0,0,2,0.8348432055749129,0
0.5211399444129186,0.062,0.0,0,3,0.8348432055749129,0
0.5211398184807124,0.09,0.0,0,1,0.8348432055749129,0
0.5211396346148501,0.011000000000000001,0.0,0,9,0.8348432055749129,0
0.5211390813050482,0.006999999999999999,0.0,0,12,0.8348432055749129,0
0.5211384244844908,0.003,1.0,0,14,0.8348432055749129,0
0.5211382457960723,0.011000000000000001,0.0,0,10,0.8348432055749129,0
0.5211380893026277,0.044000000000000004,0.0,0,5,0.8348432055749129,0
0.5211380890089519,0.031,0.0,0,7,0.8348432055749129,0
0.5211380889910295,0.055,0.0,0,4,0.8348432055749129,0
0.5211380889884578,0.027000000000000003,0.0,0,8,0.8348432055749129,0
0.5211380889884536,0.0,1.0,0,20,0.8348432055749129,0
rank_index,time,class,failures,ranking,nfpa,failure_metric
0.5211707502760098,0.0,1.0,0,18,0.8696864111498258,0
0.5211647850249086,0.0,1.0,0,20,0.8696864111498258,0
0.5211589965008389,0.03,0.0,0,7,0.8696864111498258,0
0.5211514886352354,0.001,1.0,0,14,0.8696864111498258,0
0.5211509283738989,0.0,1.0,0,17,0.8696864111498258,0
0.5211474755233614,0.001,1.0,0,15,0.8696864111498258,0
0.5211449184136134,0.01,0.0,0,10,0.8696864111498258,0
0.5211435674425196,0.0,1.0,0,19,0.8696864111498258,0
0.5211413049350626,0.078,0.0,0,2,0.8696864111498258,0
0.5211399440418507,0.049,0.0,0,4,0.8696864111498258,0
0.5211398170826047,0.08199999999999999,0.0,0,1,0.8696864111498258,0
0.5211395561738515,0.006999999999999999,0.0,0,11,0.8696864111498258,0
0.521139080802536,0.006999999999999999,0.0,0,12,0.8696864111498258,0
0.5211384244422692,0.004,1.0,0,13,0.8696864111498258,0
0.5211382459431744,0.013000000000000001,0.0,0,9,0.8696864111498258,0
0.5211380893025565,0.04,0.0,0,5,0.8696864111498258,0
0.5211380890089462,0.036000000000000004,0.0,0,6,0.8696864111498258,0
0.5211380889910299,0.057,0.0,0,3,0.8696864111498258,0
0.5211380889884578,0.017,0.0,0,8,0.8696864111498258,0
0.5211380889884536,0.0,1.0,0,16,0.8696864111498258,0
rank_index,time,class,failures,ranking,nfpa,failure_metric
0.5211753493531988,0.001,1.0,0,16,0.8477351916376307,0
0.5211671168150058,0.002,1.0,0,15,0.8477351916376307,0
0.5211670420945486,0.0,1.0,0,19,0.8477351916376307,0
0.521159311133222,0.032,0.0,0,6,0.8477351916376307,0
0.5211517219733373,0.001,1.0,0,17,0.8477351916376307,0
0.5211511559114478,0.001,1.0,0,18,0.8477351916376307,0
0.5211476578058225,0.002,1.0,0,14,0.8477351916376307,0
0.5211450572088482,0.01,0.0,0,10,0.8477351916376307,0
0.521141376294696,0.08800000000000001,0.0,0,1,0.8477351916376307,0
0.521139987188547,0.057999999999999996,0.0,0,4,0.8477351916376307,0
0.5211398576829208,0.086,0.0,0,2,0.8477351916376307,0
0.5211395894729839,0.01,0.0,0,11,0.8477351916376307,0
0.5211391033035847,0.005,0.0,0,12,0.8477351916376307,0
0.5211384319013089,0.004,1.0,0,13,0.8477351916376307,0
0.5211382493868676,0.011000000000000001,0.0,0,9,0.8477351916376307,0
0.5211380893098879,0.044000000000000004,0.0,0,5,0.8477351916376307,0
0.5211380890094001,0.027999999999999997,0.0,0,8,0.8477351916376307,0
0.5211380889910889,0.069,0.0,0,3,0.8477351916376307,0
0.5211380889884588,0.032,0.0,0,7,0.8477351916376307,0
0.5211380889884536,0.0,1.0,0,20,0.8477351916376307,0
rank_index,time,class,failures,ranking,nfpa,failure_metric
0.5211750244251474,0.0,1.0,0,17,0.8615384615384613,0
0.5211666935189088,0.0,1.0,0,19,0.8615384615384613,0
0.5211591592117962,0.032,0.0,0,8,0.8615384615384613,0
0.5211516121930129,0.002,1.0,0,16,0.8615384615384613,0
0.5211510511880109,0.002,1.0,0,15,0.8615384615384613,0
0.5211475709643768,0.002,1.0,0,14,0.8615384615384613,0
0.5211449925007025,0.011000000000000001,0.0,0,10,0.8615384615384613,0
0.52114097231741,0.1,0.0,0,1,0.8615384615384613,0
0.5211399663654885,0.059000000000000004,0.0,0,4,0.8615384615384613,0
0.5211398387528422,0.09,0.0,0,2,0.8615384615384613,0
0.5211395733828605,0.01,0.0,0,11,0.8615384615384613,0
0.5211390926408239,0.006,0.0,0,12,0.8615384615384613,0
0.5211384285152693,0.005,0.0,0,13,0.8615384615384613,0
0.5211382478163171,0.013999999999999999,0.0,0,9,0.8615384615384613,0
0.5211380893064231,0.047,0.0,0,5,0.8615384615384613,0
0.521138089009195,0.032,0.0,0,7,0.8615384615384613,0
0.5211380889910583,0.081,0.0,0,3,0.8615384615384613,0
0.5211380889884536,0.0,1.0,0,18,0.8615384615384613,0
0.5211380889884528,0.032,0.0,0,6,0.8615384615384613,0
rank_index,time,class,failures,ranking,nfpa,failure_metric
0.5211671573460197,0.078,0.0,0,2,0.8021978021978022,0
0.5211516225968311,0.0,1.0,0,6,0.8021978021978022,0
0.5211449976809477,0.031,0.0,0,3,0.8021978021978022,0
0.5211384286528528,0.003,1.0,0,4,0.8021978021978022,0
0.5211380889906757,0.122,0.0,0,1,0.8021978021978022,0
0.5211380889884536,0.001,1.0,0,5,0.8021978021978022,0
rank_index,time,class,failures,ranking,nfpa,failure_metric
0.5211770686919099,0.0,1.0,0,21,0.8908597285067872,0
0.5211752481978007,0.001,1.0,0,17,0.8908597285067872,0
0.5211718579737105,0.0,1.0,0,19,0.8908597285067872,0
0.521166938477724,0.0,1.0,0,22,0.8908597285067872,0
0.5211665327872982,0.001,1.0,0,16,0.8908597285067872,0
0.5211658866233346,0.0,1.0,0,25,0.8908597285067872,0
0.5211593857061443,0.044000000000000004,0.0,0,6,0.8908597285067872,0
0.5211515086185174,0.001,1.0,0,18,0.8908597285067872,0
0.5211512104557232,0.0,1.0,0,23,0.8908597285067872,0
0.5211476992938713,0.0,1.0,0,20,0.8908597285067872,0
0.5211454089875537,0.004,1.0,0,13,0.8908597285067872,0
0.5211449219846629,0.01,0.0,0,10,0.8908597285067872,0
0.5211423041632627,0.002,1.0,0,15,0.8908597285067872,0
0.5211410810243139,0.096,0.0,0,2,0.8908597285067872,0
0.5211399959757871,0.049,0.0,0,5,0.8908597285067872,0
0.5211398647199614,0.105,0.0,0,1,0.8908597285067872,0
0.5211395972407298,0.006999999999999999,0.0,0,12,0.8908597285067872,0
0.5211391083879409,0.01,0.0,0,11,0.8908597285067872,0
0.5211384250894431,0.003,1.0,0,14,0.8908597285067872,0
0.5211382502881559,0.013000000000000001,0.0,0,9,0.8908597285067872,0
0.5211380893113635,0.053,0.0,0,4,0.8908597285067872,0
0.5211380890095272,0.018000000000000002,0.0,0,8,0.8908597285067872,0
0.5211380889906436,0.059000000000000004,0.0,0,3,0.8908597285067872,0
0.5211380889884536,0.0,1.0,0,24,0.8908597285067872,0
0.5211380889884529,0.024,0.0,0,7,0.8908597285067872,0
rank_index,time,class,failures,ranking,nfpa,failure_metric
0.5211509315940329,0.0,1.0,0,9,0.8140350877192981,0
0.5211410029402872,0.096,0.0,0,1,0.8140350877192981,0
0.5211398159706134,0.09,0.0,0,2,0.8140350877192981,0
0.5211390810728795,0.009000000000000001,0.0,0,7,0.8140350877192981,0
0.521138424508775,0.004,1.0,0,8,0.8140350877192981,0
0.5211382459079233,0.015,0.0,0,6,0.8140350877192981,0
0.5211380893024494,0.055999999999999994,0.0,0,4,0.8140350877192981,0
0.5211380889906521,0.065,0.0,0,3,0.8140350877192981,0
0.5211380889884528,0.033,0.0,0,5,0.8140350877192981,0
rank_index,time,class,failures,ranking,nfpa,failure_metric
0.5211750294610629,0.0,1.0,0,16,0.8388663967611334,0
0.5211667795607574,0.002,1.0,0,14,0.8388663967611334,0
0.5211591480698322,0.028999999999999998,0.0,0,7,0.8388663967611334,0
0.5211516160020137,0.0,1.0,0,17,0.8388663967611334,0
0.5211509245252312,0.001,1.0,0,15,0.8388663967611334,0
0.5211475713683736,0.0,1.0,0,18,0.8388663967611334,0
0.5211449949277898,0.01,0.0,0,9,0.8388663967611334,0
0.5211410011083101,0.083,0.0,0,1,0.8388663967611334,0
0.5211399682848183,0.043,0.0,0,5,0.8388663967611334,0
0.5211398170114097,0.076,0.0,0,2,0.8388663967611334,0
0.5211395741864542,0.006999999999999999,0.0,0,12,0.8388663967611334,0
0.5211390802390989,0.008,0.0,0,11,0.8388663967611334,0
0.5211384242702591,0.003,1.0,0,13,0.8388663967611334,0
0.5211382457027713,0.01,0.0,0,10,0.8388663967611334,0
0.5211380893020692,0.06,0.0,0,3,0.8388663967611334,0
0.5211380890092164,0.033,0.0,0,6,0.8388663967611334,0
0.5211380889906486,0.05,0.0,0,4,0.8388663967611334,0
0.5211380889884536,0.0,1.0,0,19,0.8388663967611334,0
0.5211380889884528,0.019,0.0,0,8,0.8388663967611334,0
rank_index,time,class,failures,ranking,nfpa,failure_metric
0.5211751059681379,0.0,1.0,0,18,0.8429149797570848,0
0.5211668593678485,0.002,1.0,0,14,0.8429149797570848,0
0.5211592504021888,0.036000000000000004,0.0,0,6,0.8429149797570848,0
0.5211516737299752,0.002,1.0,0,15,0.8429149797570848,0
0.5211511102760364,0.001,1.0,0,16,0.8429149797570848,0
0.5211476196048876,0.001,1.0,0,17,0.8429149797570848,0
0.5211450275228314,0.011000000000000001,0.0,0,11,0.8429149797570848,0
0.5211410567052852,0.109,0.0,0,1,0.8429149797570848,0
0.5211399790007529,0.066,0.0,0,4,0.8429149797570848,0
0.5211398494147738,0.079,0.0,0,3,0.8429149797570848,0
0.5211395830088381,0.012,0.0,0,10,0.8429149797570848,0
0.5211390982937479,0.009000000000000001,0.0,0,12,0.8429149797570848,0
0.5211384302768913,0.008,0.0,0,13,0.8429149797570848,0
0.5211382487442586,0.017,0.0,0,9,0.8429149797570848,0
0.5211380893078079,0.061,0.0,0,5,0.8429149797570848,0
0.5211380890093105,0.024,0.0,0,8,0.8429149797570848,0
0.5211380889906924,0.08199999999999999,0.0,0,2,0.8429149797570848,0
0.5211380889884536,0.0,1.0,0,19,0.8429149797570848,0
0.5211380889884529,0.03,0.0,0,7,0.8429149797570848,0
rank_index,time,class,failures,ranking,nfpa,failure_metric
0.5211748560701686,0.001,1.0,0,16,0.8529616724738676,0
0.5211673448210855,0.0,1.0,0,18,0.8529616724738676,0
0.5211665924212973,0.003,1.0,0,13,0.8529616724738676,0
0.5211589940514411,0.037000000000000005,0.0,0,7,0.8529616724738676,0
0.5211514852631526,0.001,1.0,0,17,0.8529616724738676,0
0.5211509266824709,0.0,1.0,0,20,0.8529616724738676,0
0.5211474751262812,0.002,1.0,0,15,0.8529616724738676,0
0.5211449181567186,0.011000000000000001,0.0,0,11,0.8529616724738676,0
0.5211410000628282,0.10400000000000001,0.0,0,1,0.8529616724738676,0
0.5211399434528051,0.068,0.0,0,3,0.8529616724738676,0
0.521139819858384,0.081,0.0,0,2,0.8529616724738676,0
0.5211395561427885,0.008,0.0,0,12,0.8529616724738676,0
0.5211390806042426,0.013999999999999999,0.0,0,9,0.8529616724738676,0
0.5211384242131161,0.003,1.0,0,14,0.8529616724738676,0
0.5211382457983991,0.013999999999999999,0.0,0,10,0.8529616724738676,0
0.5211380893020666,0.062,0.0,0,4,0.8529616724738676,0
0.5211380890089578,0.047,0.0,0,6,0.8529616724738676,0
0.5211380889906467,0.057,0.0,0,5,0.8529616724738676,0
0.5211380889884536,0.0,1.0,0,19,0.8529616724738676,0
0.5211380889884528,0.026000000000000002,0.0,0,8,0.8529616724738676,0
rank_index,time,class,failures,ranking,nfpa,failure_metric
0.5211749169870623,0.0,1.0,0,17,0.8641114982578397,0
0.5211674080322456,0.0,1.0,0,20,0.8641114982578397,0
0.5211666657801962,0.002,1.0,0,14,0.8641114982578397,0
0.521159049743612,0.032,0.0,0,7,0.8641114982578397,0
0.521151532775155,0.0,1.0,0,19,0.8641114982578397,0
0.5211509738569674,0.002,1.0,0,15,0.8641114982578397,0
0.5211475115532583,0.002,1.0,0,16,0.8641114982578397,0
0.5211449459903627,0.015,0.0,0,9,0.8641114982578397,0
0.5211410133218715,0.099,0.0,0,2,0.8641114982578397,0
0.5211399512925625,0.079,0.0,0,3,0.8641114982578397,0
0.5211398264479018,0.113,0.0,0,1,0.8641114982578397,0
0.5211395628692934,0.006999999999999999,0.0,0,12,0.8641114982578397,0
0.5211390846035772,0.008,0.0,0,11,0.8641114982578397,0
0.5211384259715929,0.004,1.0,0,13,0.8641114982578397,0
0.5211382465348758,0.01,0.0,0,10,0.8641114982578397,0
0.5211380893035099,0.049,0.0,0,5,0.8641114982578397,0
0.5211380890090024,0.046,0.0,0,6,0.8641114982578397,0
0.5211380889906615,0.055,0.0,0,4,0.8641114982578397,0
0.5211380889884536,0.0,1.0,0,18,0.8641114982578397,0
0.5211380889884528,0.025,0.0,0,8,0.8641114982578397,0
rank_index,time,class,failures,ranking,nfpa,failure_metric
0.5211748883076556,0.001,1.0,0,16,0.8800966475385081,0
0.5211676383871136,0.0,1.0,0,19,0.8800966475385081,0
0.5211668129370806,0.0,1.0,0,17,0.8800966475385081,0
0.5211666339765578,0.002,1.0,0,14,0.8800966475385081,0
0.5211590349837812,0.03,0.0,0,8,0.8800966475385081,0
0.5211515146130575,0.0,1.0,0,20,0.8800966475385081,0
0.5211509523302795,0.0,1.0,0,21,0.8800966475385081,0
0.5211474957367537,0.001,1.0,0,15,0.8800966475385081,0
0.5211449313643923,0.011000000000000001,0.0,0,10,0.8800966475385081,0
0.5211410093692032,0.102,0.0,0,1,0.8800966475385081,0
0.5211399458447948,0.061,0.0,0,4,0.8800966475385081,0
0.5211398181649907,0.094,0.0,0,2,0.8800966475385081,0
0.5211395606437548,0.011000000000000001,0.0,0,9,0.8800966475385081,0
0.5211390832301221,0.008,0.0,0,12,0.8800966475385081,0
0.5211384250927307,0.004,1.0,0,13,0.8800966475385081,0
0.5211382462995201,0.011000000000000001,0.0,0,11,0.8800966475385081,0
0.5211380893032014,0.040999999999999995,0.0,0,6,0.8800966475385081,0
0.5211380890051072,0.043,0.0,0,5,0.8800966475385081,0
0.5211380889906574,0.063,0.0,0,3,0.8800966475385081,0
0.5211380889884536,0.0,1.0,0,18,0.8800966475385081,0
0.5211380889884528,0.032,0.0,0,7,0.8800966475385081,0
rank_index,time,class,failures,ranking,nfpa,failure_metric
0.5211748366431449,0.001,1.0,0,14,0.8372093023255817,0.42857142857142855
0.5211675801203441,0.0,1.0,0,15,0.8372093023255817,0.42857142857142855
0.5211665766076212,0.001,1.0,0,13,0.8372093023255817,0.42857142857142855
0.5211589906323847,0.035,0.0,0,7,0.8372093023255817,0.42857142857142855
0.5211514760859228,0.0,1.0,0,16,0.8372093023255817,0.42857142857142855
0.5211509184833976,0.0,1.0,0,17,0.8372093023255817,0.42857142857142855
0.5211474664806204,0.0,1.0,0,18,0.8372093023255817,0.42857142857142855
0.5211449116061582,0.005,0.0,0,12,0.8372093023255817,0.42857142857142855
0.5211423558882116,0.006999999999999999,2.0,1,21,0.8372093023255817,0.42857142857142855
0.5211409977238607,0.085,0.0,0,2,0.8372093023255817,0.42857142857142855
0.5211399426574951,0.046,0.0,0,4,0.8372093023255817,0.42857142857142855
0.521139815242159,0.09300000000000001,0.0,0,1,0.8372093023255817,0.42857142857142855
0.5211395539468694,0.006,0.0,0,11,0.8372093023255817,0.42857142857142855
0.5211390795436179,0.008,0.0,0,10,0.8372093023255817,0.42857142857142855
0.5211384239628416,0.0,1.0,0,19,0.8372093023255817,0.42857142857142855
0.5211382457550915,0.017,0.0,0,9,0.8372093023255817,0.42857142857142855
0.5211380893023126,0.045,0.0,0,5,0.8372093023255817,0.42857142857142855
0.5211380890050473,0.036000000000000004,0.0,0,6,0.8372093023255817,0.42857142857142855
0.5211380889906473,0.049,0.0,0,3,0.8372093023255817,0.42857142857142855
0.5211380889884536,0.0,1.0,0,20,0.8372093023255817,0.42857142857142855
0.5211380889884528,0.02,0.0,0,8,0.8372093023255817,0.42857142857142855
rank_index,time,class,failures,ranking,nfpa,failure_metric
0.5211748763158078,0.001,1.0,0,15,0.8538205980066446,0
0.5211676138099478,0.0,1.0,0,18,0.8538205980066446,0
0.5211666180885797,0.002,1.0,0,14,0.8538205980066446,0
0.5211590117968333,0.031,0.0,0,7,0.8538205980066446,0
0.5211515023666878,0.0,1.0,0,17,0.8538205980066446,0
0.5211509433860589,0.0,1.0,0,20,0.8538205980066446,0
0.5211474885042047,0.0,1.0,0,19,0.8538205980066446,0
0.5211449309741298,0.011000000000000001,0.0,0,10,0.8538205980066446,0
0.5211426829965441,0.001,1.0,0,16,0.8538205980066446,0
0.5211410102374914,0.09300000000000001,0.0,0,2,0.8538205980066446,0
0.5211399486021401,0.051,0.0,0,3,0.8538205980066446,0
0.5211398193308914,0.111,0.0,0,1,0.8538205980066446,0
0.5211395590022815,0.006999999999999999,0.0,0,11,0.8538205980066446,0
0.5211390821724289,0.006,0.0,0,12,0.8538205980066446,0
0.5211384249569214,0.003,1.0,0,13,0.8538205980066446,0
0.5211382459880898,0.012,0.0,0,9,0.8538205980066446,0
0.5211380893030677,0.046,0.0,0,5,0.8538205980066446,0
0.521138089005104,0.044000000000000004,0.0,0,6,0.8538205980066446,0
0.5211380889906563,0.05,0.0,0,4,0.8538205980066446,0
0.5211380889884536,0.0,1.0,0,21,0.8538205980066446,0
0.5211380889884528,0.018000000000000002,0.0,0,8,0.8538205980066446,0
rank_index,time,class,failures,ranking,nfpa,failure_metric
0.5211748710199898,0.001,1.0,0,17,0.8668076109936576,0
0.5211676100261957,0.0,1.0,0,20,0.8668076109936576,0
0.5211666088605799,0.002,1.0,0,15,0.8668076109936576,0
0.5211590137936142,0.032,0.0,0,7,0.8668076109936576,0
0.5211514973769628,0.001,1.0,0,18,0.8668076109936576,0
0.5211509373400636,0.001,1.0,0,19,0.8668076109936576,0
0.5211474836367325,0.002,1.0,0,16,0.8668076109936576,0
0.5211449247653123,0.013000000000000001,0.0,0,10,0.8668076109936576,0
0.5211422798579695,0.004,1.0,0,14,0.8668076109936576,0
0.5211410061853148,0.133,0.0,0,1,0.8668076109936576,0
0.521139947571688,0.08,0.0,0,4,0.8668076109936576,0
0.5211398165658487,0.09300000000000001,0.0,0,2,0.8668076109936576,0
0.5211395582179945,0.009000000000000001,0.0,0,11,0.8668076109936576,0
0.5211390819067331,0.006999999999999999,0.0,0,12,0.8668076109936576,0
0.5211384247203661,0.004,1.0,0,13,0.8668076109936576,0
0.5211382460642383,0.013999999999999999,0.0,0,9,0.8668076109936576,0
0.521138089302834,0.046,0.0,0,5,0.8668076109936576,0
0.5211380890050783,0.032,0.0,0,8,0.8668076109936576,0
0.5211380889906557,0.08,0.0,0,3,0.8668076109936576,0
0.5211380889884529,0.0,1.0,0,21,0.8668076109936576,0
0.5211380889884528,0.035,0.0,0,6,0.8668076109936576,0
rank_index,time,class,failures,ranking,nfpa,failure_metric
0.5211766000294109,0.0,1.0,0,19,0.8891774891774894,0
0.5211749293935504,0.001,1.0,0,17,0.8891774891774894,0
0.5211726915605102,0.0,1.0,0,20,0.8891774891774894,0
0.5211676761495451,0.0,1.0,0,26,0.8891774891774894,0
0.52116718299021,0.0,1.0,0,21,0.8891774891774894,0
0.5211667433774674,0.0,1.0,0,22,0.8891774891774894,0
0.5211666772199962,0.002,1.0,0,15,0.8891774891774894,0
0.5211632866231005,0.0,1.0,0,18,0.8891774891774894,0
0.5211590790495376,0.034,0.0,0,7,0.8891774891774894,0
0.5211515439990118,0.0,1.0,0,25,0.8891774891774894,0
0.5211509862240946,0.0,1.0,0,24,0.8891774891774894,0
0.5211475209916498,0.0,1.0,0,23,0.8891774891774894,0
0.5211449506058222,0.011000000000000001,0.0,0,9,0.8891774891774894,0
0.5211428604648516,0.003,1.0,0,14,0.8891774891774894,0
0.521142848181149,0.001,1.0,0,16,0.8891774891774894,0
0.5211410087189402,0.11,0.0,0,1,0.8891774891774894,0
0.5211399512331529,0.052000000000000005,0.0,0,4,0.8891774891774894,0
0.5211398264306585,0.095,0.0,0,2,0.8891774891774894,0
0.521139564430428,0.008,0.0,0,11,0.8891774891774894,0
0.5211390862363066,0.006,0.0,0,12,0.8891774891774894,0
0.5211384262690518,0.003,1.0,0,13,0.8891774891774894,0
0.5211382466697425,0.01,0.0,0,10,0.8891774891774894,0
0.5211380893042965,0.043,0.0,0,6,0.8891774891774894,0
0.521138089005178,0.048,0.0,0,5,0.8891774891774894,0
0.5211380889906584,0.077,0.0,0,3,0.8891774891774894,0
0.5211380889884529,0.0,1.0,0,27,0.8891774891774894,0
0.5211380889884528,0.025,0.0,0,8,0.8891774891774894,0
rank_index,time,class,failures,ranking,nfpa,failure_metric
0.5211748611976206,0.001,1.0,0,17,0.8752642706131079,0
0.5211676027684751,0.0,1.0,0,19,0.8752642706131079,0
0.5211666062180984,0.003,1.0,0,14,0.8752642706131079,0
0.5211665254833581,0.0,1.0,0,18,0.8752642706131079,0
0.5211590000183963,0.032,0.0,0,8,0.8752642706131079,0
0.5211514895257904,0.0,1.0,0,21,0.8752642706131079,0
0.5211509324869247,0.001,1.0,0,16,0.8752642706131079,0
0.52114747976054,0.002,1.0,0,15,0.8752642706131079,0
0.5211449200166733,0.012,0.0,0,10,0.8752642706131079,0
0.5211410010078792,0.1,0.0,0,2,0.8752642706131079,0
0.5211399466200841,0.069,0.0,0,3,0.8752642706131079,0
0.5211398177649117,0.10099999999999999,0.0,0,1,0.8752642706131079,0
0.5211395575360922,0.01,0.0,0,12,0.8752642706131079,0
0.5211390813154941,0.011000000000000001,0.0,0,11,0.8752642706131079,0
0.5211384245352898,0.005,0.0,0,13,0.8752642706131079,0
0.5211382460089831,0.022000000000000002,0.0,0,9,0.8752642706131079,0
0.5211380893027512,0.046,0.0,0,5,0.8752642706131079,0
0.5211380890050691,0.034,0.0,0,7,0.8752642706131079,0
0.5211380889906493,0.052000000000000005,0.0,0,4,0.8752642706131079,0
0.5211380889884529,0.0,1.0,0,20,0.8752642706131079,0
0.5211380889884518,0.037000000000000005,0.0,0,6,0.8752642706131079,0
rank_index,time,class,failures,ranking,nfpa,failure_metric
0.5211748776454036,0.001,1.0,0,16,0.8613965744400529,0
0.5211676159704742,0.0,1.0,0,21,0.8613965744400529,0
0.5211666111535562,0.002,1.0,0,15,0.8613965744400529,0
0.5211590188074814,0.033,0.0,0,6,0.8613965744400529,0
0.5211515042707503,0.0,1.0,0,20,0.8613965744400529,0
0.5211509436150795,0.001,1.0,0,17,0.8613965744400529,0
0.5211474850030245,0.001,1.0,0,18,0.8613965744400529,0
0.5211469873906415,0.001,1.0,0,19,0.8613965744400529,0
0.5211449257948635,0.011000000000000001,0.0,0,10,0.8613965744400529,0
0.5211424585421324,0.003,1.0,0,13,0.8613965744400529,0
0.5211410056343085,0.09300000000000001,0.0,0,2,0.8613965744400529,0
0.5211399453173078,0.051,0.0,0,3,0.8613965744400529,0
0.5211398178342928,0.094,0.0,0,1,0.8613965744400529,0
0.5211395588147911,0.006999999999999999,0.0,0,11,0.8613965744400529,0
0.5211390820510632,0.006,0.0,0,12,0.8613965744400529,0
0.5211384248293084,0.002,1.0,0,14,0.8613965744400529,0
0.5211382459574664,0.011000000000000001,0.0,0,9,0.8613965744400529,0
0.5211380893029312,0.040999999999999995,0.0,0,5,0.8613965744400529,0
0.5211380890051021,0.031,0.0,0,7,0.8613965744400529,0
0.5211380889906551,0.048,0.0,0,4,0.8613965744400529,0
0.5211380889884529,0.0,1.0,0,22,0.8613965744400529,0
0.5211380889884518,0.021,0.0,0,8,0.8613965744400529,0
rank_index,time,class,failures,ranking,nfpa,failure_metric
0.5211748569078942,0.0,1.0,0,20,0.8740447957839262,0
0.5211675993604344,0.0,1.0,0,21,0.8740447957839262,0
0.5211665994577014,0.002,1.0,0,15,0.8740447957839262,0
0.5211590015598355,0.039,0.0,0,7,0.8740447957839262,0
0.5211514885705228,0.001,1.0,0,19,0.8740447957839262,0
0.5211509302977487,0.001,1.0,0,17,0.8740447957839262,0
0.5211474767754192,0.003,1.0,0,14,0.8740447957839262,0
0.5211470857105763,0.001,1.0,0,18,0.8740447957839262,0
0.5211449202770495,0.011000000000000001,0.0,0,9,0.8740447957839262,0
0.5211425174015887,0.002,1.0,0,16,0.8740447957839262,0
0.5211410043611012,0.107,0.0,0,1,0.8740447957839262,0
0.5211399461831109,0.057,0.0,0,6,0.8740447957839262,0
0.5211398173616114,0.092,0.0,0,2,0.8740447957839262,0
0.5211395563794892,0.006999999999999999,0.0,0,11,0.8740447957839262,0
0.5211390810137435,0.004,1.0,0,13,0.8740447957839262,0
0.5211384244448714,0.004,1.0,0,12,0.8740447957839262,0
0.5211382458814883,0.01,0.0,0,10,0.8740447957839262,0
0.5211380893027486,0.06,0.0,0,3,0.8740447957839262,0
0.521138089005088,0.057999999999999996,0.0,0,5,0.8740447957839262,0
0.5211380889906535,0.06,0.0,0,4,0.8740447957839262,0
0.5211380889884529,0.0,1.0,0,22,0.8740447957839262,0
0.5211380889884518,0.033,0.0,0,8,0.8740447957839262,0
rank_index,time,class,failures,ranking,nfpa,failure_metric
0.5211751483067313,0.001,1.0,0,18,0.8786435786435787,0
0.5211714560233726,0.0,1.0,0,19,0.8786435786435787,0
0.5211679121674256,0.0,1.0,0,22,0.8786435786435787,0
0.5211672261448449,0.0,1.0,0,26,0.8786435786435787,0
0.5211669078167109,0.001,1.0,0,17,0.8786435786435787,0
0.5211654910611803,0.001,1.0,0,15,0.8786435786435787,0
0.5211608309415956,0.0,1.0,0,21,0.8786435786435787,0
0.5211592798705571,0.037000000000000005,0.0,0,8,0.8786435786435787,0
0.5211517059622255,0.001,1.0,0,16,0.8786435786435787,0
0.5211511414102188,0.0,1.0,0,23,0.8786435786435787,0
0.5211476436214855,0.0,1.0,0,24,0.8786435786435787,0
0.5211450477550145,0.009000000000000001,0.0,0,11,0.8786435786435787,0
0.5211426071455466,0.0,1.0,0,25,0.8786435786435787,0
0.521142492775093,0.0,1.0,0,20,0.8786435786435787,0
0.5211410599948543,0.095,0.0,0,2,0.8786435786435787,0
0.5211399834184491,0.057,0.0,0,4,0.8786435786435787,0
0.5211398535031864,0.079,0.0,0,3,0.8786435786435787,0
0.521139587666049,0.006,0.0,0,13,0.8786435786435787,0
0.5211391020315055,0.008,0.0,0,12,0.8786435786435787,0
0.5211384313495638,0.003,1.0,0,14,0.8786435786435787,0
0.5211382568327378,0.188,0.0,0,1,0.8786435786435787,0
0.5211382492871259,0.015,0.0,0,9,0.8786435786435787,0
0.5211380893087748,0.040999999999999995,0.0,0,7,0.8786435786435787,0
0.5211380890053994,0.040999999999999995,0.0,0,6,0.8786435786435787,0
0.5211380889906979,0.051,0.0,0,5,0.8786435786435787,0
0.5211380889887796,0.0,1.0,0,27,0.8786435786435787,0
0.5211380889884518,0.015,0.0,0,10,0.8786435786435787,0
rank_index,time,class,failures,ranking,nfpa,failure_metric
0.5211750847710835,0.0,1.0,0,21,0.879509713228492,0
0.5211678384370393,0.0,1.0,0,19,0.879509713228492,0
0.5211668438239776,0.002,1.0,0,17,0.879509713228492,0
0.5211592138655852,0.031,0.0,0,9,0.879509713228492,0
0.5211516579166758,0.0,1.0,0,20,0.879509713228492,0
0.521151095197231,0.002,1.0,0,16,0.879509713228492,0
0.5211476062531012,0.001,1.0,0,18,0.879509713228492,0
0.5211471015926505,0.0,1.0,0,22,0.879509713228492,0
0.5211449236117404,0.012,0.0,0,11,0.879509713228492,0
0.5211425281975258,0.004,1.0,0,14,0.879509713228492,0
0.5211410478997976,0.098,0.0,0,3,0.879509713228492,0
0.5211399746102706,0.07400000000000001,0.0,0,5,0.879509713228492,0
0.521139846696214,0.124,0.0,0,2,0.879509713228492,0
0.5211395801471645,0.009000000000000001,0.0,0,12,0.879509713228492,0
0.5211390967247063,0.006999999999999999,0.0,0,13,0.879509713228492,0
0.5211384298781455,0.004,1.0,0,15,0.879509713228492,0
0.5211382484112332,0.013000000000000001,0.0,0,10,0.879509713228492,0
0.5211381061195041,0.514,0.0,0,1,0.879509713228492,0
0.521138089307832,0.045,0.0,0,6,0.879509713228492,0
0.5211380890053423,0.038,0.0,0,7,0.879509713228492,0
0.5211380889906894,0.086,0.0,0,4,0.879509713228492,0
0.5211380889893148,0.0,1.0,0,23,0.879509713228492,0
0.5211380889884518,0.032,0.0,0,8,0.879509713228492,0
rank_index,time,class,failures,ranking,nfpa,failure_metric
0.5211665756902596,0.052000000000000005,0.0,0,2,0.8021978021978022,0
0.5211514739017261,0.0,1.0,0,6,0.8021978021978022,0
0.521144911262521,0.027000000000000003,0.0,0,3,0.8021978021978022,0
0.5211384240382615,0.002,1.0,0,4,0.8021978021978022,0
0.5211380889906433,0.105,0.0,0,1,0.8021978021978022,0
0.5211380889893118,0.0,1.0,0,5,0.8021978021978022,0
rank_index,time,class,failures,ranking,nfpa,failure_metric
0.5211751874590925,0.001,1.0,0,19,0.8799722479185939,0
0.5211679497989198,0.0,1.0,0,20,0.8799722479185939,0
0.5211667141291293,0.002,1.0,0,16,0.8799722479185939,0
0.5211593235522339,0.031,0.0,0,9,0.8799722479185939,0
0.5211516148114205,0.0,1.0,0,21,0.8799722479185939,0
0.5211511639784715,0.001,1.0,0,18,0.8799722479185939,0
0.5211476657720531,0.002,1.0,0,17,0.8799722479185939,0
0.5211472641906248,0.0,1.0,0,23,0.8799722479185939,0
0.5211449855761293,0.01,0.0,0,11,0.8799722479185939,0
0.52114261594638,0.003,1.0,0,15,0.8799722479185939,0
0.5211410695905122,0.10300000000000001,0.0,0,2,0.8799722479185939,0
0.5211399848055104,0.075,0.0,0,4,0.8799722479185939,0
0.521139852305612,0.092,0.0,0,3,0.8799722479185939,0
0.5211395906675533,0.009000000000000001,0.0,0,12,0.8799722479185939,0
0.5211391039914222,0.006,0.0,0,13,0.8799722479185939,0
0.5211384284224637,0.004,1.0,0,14,0.8799722479185939,0
0.5211382495579542,0.011000000000000001,0.0,0,10,0.8799722479185939,0
0.5211381043784076,0.504,0.0,0,1,0.8799722479185939,0
0.5211380893100379,0.040999999999999995,0.0,0,6,0.8799722479185939,0
0.5211380890054726,0.037000000000000005,0.0,0,7,0.8799722479185939,0
0.521138088990669,0.055999999999999994,0.0,0,5,0.8799722479185939,0
0.5211380889897322,0.0,1.0,0,22,0.8799722479185939,0
0.5211380889884518,0.034,0.0,0,8,0.8799722479185939,0
rank_index,time,class,failures,ranking,nfpa,failure_metric
0.5211751947763501,0.001,1.0,0,19,0.8908163265306125,0
0.5211679552469219,0.0,1.0,0,21,0.8908163265306125,0
0.5211678561679514,0.0,1.0,0,20,0.8908163265306125,0
0.5211669564761489,0.002,1.0,0,16,0.8908163265306125,0
0.5211612308036954,0.0,1.0,0,23,0.8908163265306125,0
0.5211593308501028,0.032,0.0,0,8,0.8908163265306125,0
0.521151741508428,0.0,1.0,0,22,0.8908163265306125,0
0.5211511741533276,0.001,1.0,0,18,0.8908163265306125,0
0.5211476677353549,0.002,1.0,0,17,0.8908163265306125,0
0.5211450664582371,0.01,0.0,0,11,0.8908163265306125,0
0.5211426208947497,0.004,1.0,0,15,0.8908163265306125,0
0.5211410684538945,0.09699999999999999,0.0,0,3,0.8908163265306125,0
0.5211399859563413,0.079,0.0,0,5,0.8908163265306125,0
0.5211398586158349,0.08900000000000001,0.0,0,4,0.8908163265306125,0
0.5211395921153725,0.009000000000000001,0.0,0,12,0.8908163265306125,0
0.5211391047770709,0.009000000000000001,0.0,0,13,0.8908163265306125,0
0.5211384325434657,0.005,0.0,0,14,0.8908163265306125,0
0.5211382497655145,0.012,0.0,0,10,0.8908163265306125,0
0.5211381089677665,0.584,0.0,0,1,0.8908163265306125,0
0.5211380893104266,0.063,0.0,0,6,0.8908163265306125,0
0.5211380890054881,0.033,0.0,0,7,0.8908163265306125,0
0.5211380889909637,0.307,0.0,0,2,0.8908163265306125,0
0.5211380889897117,0.0,1.0,0,24,0.8908163265306125,0
0.5211380889884518,0.027999999999999997,0.0,0,9,0.8908163265306125,0
rank_index,time,class,failures,ranking,nfpa,failure_metric
0.5211750976895735,0.001,1.0,0,21,0.9095307208514755,0
0.5211678530234785,0.0,1.0,0,25,0.9095307208514755,0
0.5211668518044432,0.001,1.0,0,18,0.9095307208514755,0
0.5211667756356216,0.0,1.0,0,24,0.9095307208514755,0
0.5211638543590379,0.0,1.0,0,23,0.9095307208514755,0
0.5211602255405668,0.0,1.0,0,22,0.9095307208514755,0
0.5211592327872462,0.028999999999999998,0.0,0,8,0.9095307208514755,0
0.5211532039056415,0.001,1.0,0,17,0.9095307208514755,0
0.5211516656483071,0.001,1.0,0,20,0.9095307208514755,0
0.5211511023527144,0.001,1.0,0,19,0.9095307208514755,0
0.5211476116126905,0.002,1.0,0,16,0.9095307208514755,0
0.521145023357501,0.01,0.0,0,11,0.9095307208514755,0
0.5211425898491728,0.004,1.0,0,15,0.9095307208514755,0
0.5211410510354819,0.10300000000000001,0.0,0,4,0.9095307208514755,0
0.5211399724091279,0.081,0.0,0,5,0.9095307208514755,0
0.5211398472429705,0.127,0.0,0,3,0.9095307208514755,0
0.5211395814160942,0.006999999999999999,0.0,0,13,0.9095307208514755,0
0.5211390977341989,0.008,0.0,0,12,0.9095307208514755,0
0.521138430123951,0.005,0.0,0,14,0.9095307208514755,0
0.5211382485694807,0.012,0.0,0,10,0.9095307208514755,0
0.5211380960225431,2.005,0.0,0,1,0.9095307208514755,0
0.5211380893074546,0.04,0.0,0,6,0.9095307208514755,0
0.5211380890053673,0.036000000000000004,0.0,0,7,0.9095307208514755,0
0.5211380889932475,0.0,1.0,0,26,0.9095307208514755,0
0.5211380889908909,0.35,0.0,0,2,0.9095307208514755,0
0.5211380889884518,0.023,0.0,0,9,0.9095307208514755,0
rank_index,time,class,failures,ranking,nfpa,failure_metric
0.5211748922032724,0.002,1.0,0,16,0.8806660499537465,0
0.5211676298006217,0.0,1.0,0,21,0.8806660499537465,0
0.521166629385309,0.002,1.0,0,17,0.8806660499537465,0
0.5211590363787894,0.037000000000000005,0.0,0,8,0.8806660499537465,0
0.5211515129953824,0.001,1.0,0,19,0.8806660499537465,0
0.5211509518104054,0.001,1.0,0,20,0.8806660499537465,0
0.521147623227059,0.0,1.0,0,23,0.8806660499537465,0
0.5211474931137196,0.002,1.0,0,18,0.8806660499537465,0
0.5211449318489916,0.016,0.0,0,10,0.8806660499537465,0
0.5211425278483782,0.006,0.0,0,13,0.8806660499537465,0
0.5211410076660196,0.15,0.0,0,3,0.8806660499537465,0
0.5211399451646012,0.1,0.0,0,5,0.8806660499537465,0
0.5211398160277096,0.11800000000000001,0.0,0,4,0.8806660499537465,0
0.5211395602342814,0.008,0.0,0,12,0.8806660499537465,0
0.5211390829743947,0.005,0.0,0,14,0.8806660499537465,0
0.521138425153908,0.003,1.0,0,15,0.8806660499537465,0
0.5211382462636034,0.013000000000000001,0.0,0,11,0.8806660499537465,0
0.5211380962536023,1.979,0.0,0,1,0.8806660499537465,0
0.5211380893034924,0.05,0.0,0,6,0.8806660499537465,0
0.5211380890051163,0.040999999999999995,0.0,0,7,0.8806660499537465,0
0.5211380889932421,0.0,1.0,0,22,0.8806660499537465,0
0.5211380889908459,0.337,0.0,0,2,0.8806660499537465,0
0.5211380889884518,0.028999999999999998,0.0,0,9,0.8806660499537465,0
rank_index,time,class,failures,ranking,nfpa,failure_metric
0.5211727548421239,0.0,1.0,0,21,0.9006587615283269,0
0.5211676325400082,0.0,1.0,0,20,0.9006587615283269,0
0.5211667981515946,0.0,1.0,0,22,0.9006587615283269,0
0.5211590295531743,0.03,0.0,0,9,0.9006587615283269,0
0.5211515119292605,0.001,1.0,0,15,0.9006587615283269,0
0.5211509535680383,0.001,1.0,0,17,0.9006587615283269,0
0.5211474947405141,0.001,1.0,0,18,0.9006587615283269,0
0.5211449331938868,0.012,0.0,0,10,0.9006587615283269,0
0.521142866303314,0.001,1.0,0,16,0.9006587615283269,0
0.5211409970895797,0.10300000000000001,0.0,0,4,0.9006587615283269,0
0.5211399427987198,0.086,0.0,0,5,0.9006587615283269,0
0.5211398170901871,0.121,0.0,0,3,0.9006587615283269,0
0.5211395604067971,0.009000000000000001,0.0,0,12,0.9006587615283269,0
0.5211390834292651,0.006,0.0,0,13,0.9006587615283269,0
0.5211384252396148,0.003,1.0,0,14,0.9006587615283269,0
0.5211382462526423,0.01,0.0,0,11,0.9006587615283269,0
0.5211380962753129,1.9509999999999998,0.0,0,1,0.9006587615283269,0
0.5211380893031586,0.046,0.0,0,6,0.9006587615283269,0
0.5211380890051172,0.044000000000000004,0.0,0,7,0.9006587615283269,0
0.5211380889932429,0.0,1.0,0,19,0.9006587615283269,0
0.5211380889908491,0.37,0.0,0,2,0.9006587615283269,0
0.5211380889884518,0.031,0.0,0,8,0.9006587615283269,0
rank_index,time,class,failures,ranking,nfpa,failure_metric
0.5211750926621362,0.002,1.0,0,16,0.8959296947271045,0
0.5211676223315405,0.0,1.0,0,23,0.8959296947271045,0
0.5211668502254692,0.002,1.0,0,17,0.8959296947271045,0
0.5211590265144871,0.025,0.0,0,9,0.8959296947271045,0
0.521151505929193,0.001,1.0,0,19,0.8959296947271045,0
0.5211509495266236,0.0,1.0,0,22,0.8959296947271045,0
0.521147493709563,0.001,1.0,0,18,0.8959296947271045,0
0.5211472166875643,0.0,1.0,0,21,0.8959296947271045,0
0.5211449285113047,0.013999999999999999,0.0,0,10,0.8959296947271045,0
0.5211425860723121,0.004,1.0,0,15,0.8959296947271045,0
0.521141006370824,0.12,0.0,0,3,0.8959296947271045,0
0.5211399435018829,0.08900000000000001,0.0,0,4,0.8959296947271045,0
0.5211398168266582,0.084,0.0,0,5,0.8959296947271045,0
0.5211395586587612,0.006999999999999999,0.0,0,12,0.8959296947271045,0
0.5211390828928496,0.006,0.0,0,13,0.8959296947271045,0
0.5211384250721497,0.004,1.0,0,14,0.8959296947271045,0
0.5211382461709889,0.01,0.0,0,11,0.8959296947271045,0
0.5211380962858887,1.9180000000000001,0.0,0,1,0.8959296947271045,0
0.5211380893031865,0.047,0.0,0,6,0.8959296947271045,0
0.5211380890050938,0.037000000000000005,0.0,0,7,0.8959296947271045,0
0.5211380889932379,0.001,1.0,0,20,0.8959296947271045,0
0.5211380889908406,0.256,0.0,0,2,0.8959296947271045,0
0.5211380889884518,0.027999999999999997,0.0,0,8,0.8959296947271045,0
rank_index,time,class,failures,ranking,nfpa,failure_metric
0.5211748644159339,0.0,1.0,0,22,0.897737556561086,0
0.5211676105475039,0.0,1.0,0,21,0.897737556561086,0
0.5211671963459004,0.0,1.0,0,20,0.897737556561086,0
0.5211666111642301,0.001,1.0,0,15,0.897737556561086,0
0.5211647051846231,0.0,1.0,0,18,0.897737556561086,0
0.5211590207511214,0.032,0.0,0,8,0.897737556561086,0
0.5211538653227401,0.0,1.0,0,17,0.897737556561086,0
0.5211514950892644,0.0,1.0,0,24,0.897737556561086,0
0.5211509363010581,0.001,1.0,0,16,0.897737556561086,0
0.5211474800562708,0.0,1.0,0,25,0.897737556561086,0
0.5211470902355817,0.0,1.0,0,19,0.897737556561086,0
0.521144922910868,0.011000000000000001,0.0,0,11,0.897737556561086,0
0.5211409988980228,0.098,0.0,0,4,0.897737556561086,0
0.5211399410913168,0.087,0.0,0,5,0.897737556561086,0
0.5211398200409866,0.11800000000000001,0.0,0,3,0.897737556561086,0
0.521139558339605,0.006999999999999999,0.0,0,13,0.897737556561086,0
0.521139081982385,0.008,0.0,0,12,0.897737556561086,0
0.5211384245594778,0.004,1.0,0,14,0.897737556561086,0
0.5211382460977307,0.011000000000000001,0.0,0,10,0.897737556561086,0
0.52113809630323,1.8769999999999998,0.0,0,1,0.897737556561086,0
0.5211380893028048,0.045,0.0,0,7,0.897737556561086,0
0.5211380890050928,0.048,0.0,0,6,0.897737556561086,0
0.5211380889932345,0.0,1.0,0,23,0.897737556561086,0
0.5211380889908632,0.309,0.0,0,2,0.897737556561086,0
0.5211380889884518,0.021,0.0,0,9,0.897737556561086,0
rank_index,time,class,failures,ranking,nfpa,failure_metric
0.5211748934033756,0.001,1.0,0,18,0.8908597285067874,0
0.5211676315117699,0.001,1.0,0,19,0.8908597285067874,0
0.5211666354580988,0.002,1.0,0,16,0.8908597285067874,0
0.5211665578809261,0.0,1.0,0,23,0.8908597285067874,0
0.5211640745699496,0.0,1.0,0,24,0.8908597285067874,0
0.5211590303535595,0.032,0.0,0,8,0.8908597285067874,0
0.5211533742133729,0.001,1.0,0,17,0.8908597285067874,0
0.5211515108557006,0.001,1.0,0,21,0.8908597285067874,0
0.5211509513596458,0.001,1.0,0,20,0.8908597285067874,0
0.5211474985757667,0.004,1.0,0,14,0.8908597285067874,0
0.5211471028480014,0.0,1.0,0,22,0.8908597285067874,0
0.5211449342687899,0.011000000000000001,0.0,0,11,0.8908597285067874,0
0.5211410094815775,0.10099999999999999,0.0,0,3,0.8908597285067874,0
0.5211399444488961,0.075,0.0,0,5,0.8908597285067874,0
0.5211398175853876,0.08900000000000001,0.0,0,4,0.8908597285067874,0
0.5211395600531119,0.01,0.0,0,13,0.8908597285067874,0
0.521139083050357,0.01,0.0,0,12,0.8908597285067874,0
0.5211384251663457,0.003,1.0,0,15,0.8908597285067874,0
0.5211382462884193,0.021,0.0,0,10,0.8908597285067874,0
0.5211380963382385,1.983,0.0,0,1,0.8908597285067874,0
0.5211380893033376,0.057999999999999996,0.0,0,6,0.8908597285067874,0
0.5211380890051013,0.026000000000000002,0.0,0,9,0.8908597285067874,0
0.5211380889932404,0.0,1.0,0,25,0.8908597285067874,0
0.5211380889908543,0.31,0.0,0,2,0.8908597285067874,0
0.5211380889884516,0.04,0.0,0,7,0.8908597285067874,0
rank_index,time,class,failures,ranking,nfpa,failure_metric
0.5211666992811813,0.045,0.0,0,2,0.8774509803921569,0
0.5211641380882095,0.0,1.0,0,8,0.8774509803921569,0
0.5211534228288782,0.0,1.0,0,7,0.8774509803921569,0
0.5211515647396471,0.0,1.0,0,6,0.8774509803921569,0
0.5211449624771686,0.016,0.0,0,3,0.8774509803921569,0
0.5211384268739212,0.002,1.0,0,4,0.8774509803921569,0
0.5211380889952663,0.001,1.0,0,5,0.8774509803921569,0
0.5211380889909836,0.361,0.0,0,1,0.8774509803921569,0
rank_index,time,class,failures,ranking,nfpa,failure_metric
0.5211671569450245,0.006999999999999999,0.0,0,5,0.84004884004884,0
0.5211665748617547,0.003,1.0,0,7,0.84004884004884,0
0.5211640763701437,0.0,1.0,0,11,0.84004884004884,0
0.5211533757247419,0.001,1.0,0,9,0.84004884004884,0
0.5211515135367188,0.001,1.0,0,10,0.84004884004884,0
0.5211476499630789,0.003,1.0,0,8,0.84004884004884,0
0.5211449308118399,0.015,0.0,0,4,0.84004884004884,0
0.521141833812295,0.0,1.0,0,13,0.84004884004884,0
0.5211398552734948,0.091,0.0,0,2,0.84004884004884,0
0.5211384252581792,0.005,0.0,0,6,0.84004884004884,0
0.5211380893092028,0.079,0.0,0,3,0.84004884004884,0
0.5211380889952325,0.0,1.0,0,12,0.84004884004884,0
0.5211380889909596,0.327,0.0,0,1,0.84004884004884,0
rank_index,time,class,failures,ranking,nfpa,failure_metric
0.5211671097416168,0.018000000000000002,0.0,0,2,0.7802197802197802,0
0.5211642424665871,0.004,1.0,0,3,0.7802197802197802,0
0.521153504872753,0.003,1.0,0,5,0.7802197802197802,0
0.5211397329193281,0.003,1.0,0,6,0.7802197802197802,0
0.5211382275988956,0.12300000000000001,0.0,0,1,0.7802197802197802,0
0.5211380889953081,0.004,1.0,0,4,0.7802197802197802,0
rank_index,time,class,failures,ranking,nfpa,failure_metric
0.5211689105323779,0.053,0.0,0,5,0.8340445708866763,0
0.5211640552219783,0.001,1.0,0,17,0.8340445708866763,0
0.5211602130786332,0.031,0.0,0,9,0.8340445708866763,0
0.5211520465808421,0.001,1.0,0,15,0.8340445708866763,0
0.5211518404449069,0.001,1.0,0,16,0.8340445708866763,0
0.5211479055868898,0.001,1.0,0,14,0.8340445708866763,0
0.5211412558833399,0.128,0.0,0,3,0.8340445708866763,0
0.521140107415892,0.08199999999999999,0.0,0,4,0.8340445708866763,0
0.5211391702406826,0.011000000000000001,0.0,0,12,0.8340445708866763,0
0.521138563507759,0.01,0.0,0,13,0.8340445708866763,0
0.5211382600916176,0.017,0.0,0,11,0.8340445708866763,0
0.5211382262120616,0.025,0.0,0,10,0.8340445708866763,0
0.5211380941344129,1.892,0.0,0,1,0.8340445708866763,0
0.5211380893187879,0.045,0.0,0,6,0.8340445708866763,0
0.5211380890066261,0.038,0.0,0,7,0.8340445708866763,0
0.5211380889952234,0.0,1.0,0,18,0.8340445708866763,0
0.5211380889910983,0.34600000000000003,0.0,0,2,0.8340445708866763,0
0.5211380889884516,0.034,0.0,0,8,0.8340445708866763,0
rank_index,time,class,failures,ranking,nfpa,failure_metric
0.5211762759712415,0.0,1.0,0,23,0.8984034833091437,0
0.5211680398048901,0.0,1.0,0,22,0.8984034833091437,0
0.5211675993596057,0.002,1.0,0,16,0.8984034833091437,0
0.5211675441460187,0.0,1.0,0,24,0.8984034833091437,0
0.5211640625228044,0.0,1.0,0,20,0.8984034833091437,0
0.5211590211781686,0.03,0.0,0,9,0.8984034833091437,0
0.521153522453608,0.001,1.0,0,17,0.8984034833091437,0
0.5211515014299573,0.001,1.0,0,18,0.8984034833091437,0
0.521150942076647,0.001,1.0,0,19,0.8984034833091437,0
0.5211474844889706,0.0,1.0,0,26,0.8984034833091437,0
0.5211473034242016,0.0,1.0,0,21,0.8984034833091437,0
0.5211450811925162,0.008,0.0,0,13,0.8984034833091437,0
0.5211409994498402,0.107,0.0,0,3,0.8984034833091437,0
0.5211399428505138,0.071,0.0,0,5,0.8984034833091437,0
0.5211399338589905,0.085,0.0,0,4,0.8984034833091437,0
0.5211395583095165,0.006999999999999999,0.0,0,14,0.8984034833091437,0
0.5211390817714919,0.008,0.0,0,12,0.8984034833091437,0
0.5211384475096331,0.004,1.0,0,15,0.8984034833091437,0
0.5211382460370455,0.013000000000000001,0.0,0,11,0.8984034833091437,0
0.5211382273301505,0.032,0.0,0,8,0.8984034833091437,0
0.5211380941617526,1.92,0.0,0,1,0.8984034833091437,0
0.5211380893030076,0.045,0.0,0,6,0.8984034833091437,0
0.5211380890050982,0.034,0.0,0,7,0.8984034833091437,0
0.5211380889952258,0.0,1.0,0,25,0.8984034833091437,0
0.5211380889909604,0.305,0.0,0,2,0.8984034833091437,0
0.5211380889884516,0.024,0.0,0,10,0.8984034833091437,0
rank_index,time,class,failures,ranking,nfpa,failure_metric
0.5211749304364021,0.001,1.0,0,18,0.8877470355731227,0
0.5211676716135188,0.0,1.0,0,21,0.8877470355731227,0
0.5211665911371773,0.001,1.0,0,19,0.8877470355731227,0
0.5211590765901616,0.032,0.0,0,9,0.8877470355731227,0
0.5211515433331041,0.002,1.0,0,16,0.8877470355731227,0
0.521150980255046,0.0,1.0,0,22,0.8877470355731227,0
0.521147520031067,0.002,1.0,0,17,0.8877470355731227,0
0.5211449549694268,0.012,0.0,0,12,0.8877470355731227,0
0.5211410139883962,0.1,0.0,0,3,0.8877470355731227,0
0.5211399524687824,0.08800000000000001,0.0,0,4,0.8877470355731227,0
0.5211398277677696,0.08,0.0,0,5,0.8877470355731227,0
0.5211395646000914,0.01,0.0,0,13,0.8877470355731227,0
0.5211390859062291,0.006999999999999999,0.0,0,14,0.8877470355731227,0
0.5211384260976348,0.004,1.0,0,15,0.8877470355731227,0
0.5211382466812684,0.013000000000000001,0.0,0,11,0.8877470355731227,0
0.5211382278041132,0.02,0.0,0,10,0.8877470355731227,0
0.521138094167446,1.919,0.0,0,1,0.8877470355731227,0
0.5211380893041068,0.044000000000000004,0.0,0,7,0.8877470355731227,0
0.5211380889993867,0.052000000000000005,0.0,0,6,0.8877470355731227,0
0.521138088995253,0.0,1.0,0,20,0.8877470355731227,0
0.5211380889909802,0.318,0.0,0,2,0.8877470355731227,0
0.5211380889884516,0.033,0.0,0,8,0.8877470355731227,0
rank_index,time,class,failures,ranking,nfpa,failure_metric
0.5211681239356389,0.0,1.0,0,12,0.884004884004884,0
0.5211670229802297,0.001,1.0,0,8,0.884004884004884,0
0.521164457405756,0.001,1.0,0,9,0.884004884004884,0
0.5211515995591905,0.0,1.0,0,10,0.884004884004884,0
0.5211475619188419,0.003,1.0,0,7,0.884004884004884,0
0.5211449836984416,0.011000000000000001,0.0,0,5,0.884004884004884,0
0.5211398372775802,0.12,0.0,0,2,0.884004884004884,0
0.5211396909808499,0.0,1.0,0,13,0.884004884004884,0
0.5211384280845045,0.006999999999999999,0.0,0,6,0.884004884004884,0
0.5211382287601971,0.024,0.0,0,4,0.884004884004884,0
0.5211380893061103,0.055,0.0,0,3,0.884004884004884,0
0.5211380889952899,0.0,1.0,0,11,0.884004884004884,0
0.5211380889910718,0.359,0.0,0,1,0.884004884004884,0
rank_index,time,class,failures,ranking,nfpa,failure_metric
0.521180384245382,0.0,1.0,0,20,0.9024350911143364,0
0.5211752053371718,0.001,1.0,0,19,0.9024350911143364,0
0.5211679686439991,0.0,1.0,0,26,0.9024350911143364,0
0.5211675769708691,0.0,1.0,0,21,0.9024350911143364,0
0.5211669007832754,0.0,1.0,0,22,0.9024350911143364,0
0.5211593404010848,0.024,0.0,0,8,0.9024350911143364,0
0.5211515037868488,0.001,1.0,0,18,0.9024350911143364,0
0.5211511860154898,0.0,1.0,0,23,0.9024350911143364,0
0.5211474860514478,0.0,1.0,0,25,0.9024350911143364,0
0.5211449286880064,0.01,0.0,0,12,0.9024350911143364,0
0.5211430998266107,0.001,1.0,0,17,0.9024350911143364,0
0.5211428749899165,0.002,1.0,0,16,0.9024350911143364,0
0.5211410727575458,0.096,0.0,0,3,0.9024350911143364,0
0.5211402552161056,0.08800000000000001,0.0,0,4,0.9024350911143364,0
0.5211399849631616,0.075,0.0,0,5,0.9024350911143364,0
0.5211395925071498,0.006,0.0,0,13,0.9024350911143364,0
0.5211391057048577,0.005,0.0,0,14,0.9024350911143364,0
0.5211384246884622,0.004,1.0,0,15,0.9024350911143364,0
0.5211382499007932,0.012,0.0,0,11,0.9024350911143364,0
0.5211382274302561,0.015,0.0,0,10,0.9024350911143364,0
0.5211380942713577,1.9169999999999998,0.0,0,1,0.9024350911143364,0
0.5211380893027193,0.038,0.0,0,6,0.9024350911143364,0
0.5211380889998168,0.026000000000000002,0.0,0,7,0.9024350911143364,0
0.5211380889952257,0.0,1.0,0,24,0.9024350911143364,0
0.5211380889910382,0.28800000000000003,0.0,0,2,0.9024350911143364,0
0.5211380889884516,0.018000000000000002,0.0,0,9,0.9024350911143364,0
rank_index,time,class,failures,ranking,nfpa,failure_metric
0.521174886555294,0.001,1.0,0,20,0.9065044949762033,0
0.5211737289294271,0.0,1.0,0,24,0.9065044949762033,0
0.5211676282194119,0.0,1.0,0,29,0.9065044949762033,0
0.5211668401376179,0.003,1.0,0,17,0.9065044949762033,0
0.5211665497782699,0.0,1.0,0,25,0.9065044949762033,0
0.5211646214324351,0.0,1.0,0,26,0.9065044949762033,0
0.5211642765140994,0.0,1.0,0,27,0.9065044949762033,0
0.5211590369575451,0.032,0.0,0,8,0.9065044949762033,0
0.521154007583173,0.0,1.0,0,23,0.9065044949762033,0
0.5211515050326626,0.0,1.0,0,28,0.9065044949762033,0
0.5211509489380071,0.001,1.0,0,21,0.9065044949762033,0
0.5211475326719017,0.0,1.0,0,22,0.9065044949762033,0
0.5211474946271842,0.003,1.0,0,18,0.9065044949762033,0
0.5211449300197083,0.015,0.0,0,12,0.9065044949762033,0
0.5211425295834745,0.005,0.0,0,15,0.9065044949762033,0
0.5211422586596232,0.003,1.0,0,16,0.9065044949762033,0
0.521141009031743,0.10800000000000001,0.0,0,3,0.9065044949762033,0
0.5211402628786689,0.099,0.0,0,4,0.9065044949762033,0
0.5211399458700569,0.096,0.0,0,5,0.9065044949762033,0
0.5211395598943787,0.011000000000000001,0.0,0,13,0.9065044949762033,0
0.521139082877491,0.009000000000000001,0.0,0,14,0.9065044949762033,0
0.5211384250307138,0.003,1.0,0,19,0.9065044949762033,0
0.5211382461608763,0.025,0.0,0,10,0.9065044949762033,0
0.5211382275803239,0.02,0.0,0,11,0.9065044949762033,0
0.5211380941531413,1.993,0.0,0,1,0.9065044949762033,0
0.5211380893034511,0.069,0.0,0,6,0.9065044949762033,0
0.5211380889997536,0.047,0.0,0,7,0.9065044949762033,0
0.5211380889952283,0.0,1.0,0,30,0.9065044949762033,0
0.5211380889910556,0.359,0.0,0,2,0.9065044949762033,0
0.5211380889884516,0.031,0.0,0,9,0.9065044949762033,0
rank_index,time,class,failures,ranking,nfpa,failure_metric
0.5211748714879298,0.0,1.0,0,24,0.9143310417768381,0
0.521170570318543,0.0,1.0,0,23,0.9143310417768381,0
0.5211676151497019,0.0,1.0,0,28,0.9143310417768381,0
0.521166611506656,0.001,1.0,0,19,0.9143310417768381,0
0.5211665378154325,0.0,1.0,0,21,0.9143310417768381,0
0.5211646088537844,0.0,1.0,0,26,0.9143310417768381,0
0.5211640569833054,0.0,1.0,0,22,0.9143310417768381,0
0.5211590124940985,0.031,0.0,0,9,0.9143310417768381,0
0.5211533588022178,0.001,1.0,0,17,0.9143310417768381,0
0.5211514996729618,0.0,1.0,0,29,0.9143310417768381,0
0.5211509388965465,0.0,1.0,0,30,0.9143310417768381,0
0.5211474832202098,0.001,1.0,0,20,0.9143310417768381,0
0.5211470914133379,0.0,1.0,0,25,0.9143310417768381,0
0.5211449233005321,0.013000000000000001,0.0,0,12,0.9143310417768381,0
0.5211425232502721,0.002,1.0,0,16,0.9143310417768381,0
0.5211422547519327,0.001,1.0,0,18,0.9143310417768381,0
0.52114100294615,0.099,0.0,0,3,0.9143310417768381,0
0.5211402583095375,0.092,0.0,0,4,0.9143310417768381,0
0.5211399409900652,0.076,0.0,0,5,0.9143310417768381,0
0.5211395583708778,0.006999999999999999,0.0,0,13,0.9143310417768381,0
0.5211390817970131,0.006,0.0,0,14,0.9143310417768381,0
0.5211384248589261,0.003,1.0,0,15,0.9143310417768381,0
0.5211382458967555,0.013999999999999999,0.0,0,11,0.9143310417768381,0
0.521138227399469,0.02,0.0,0,10,0.9143310417768381,0
0.5211380941126481,1.926,0.0,0,1,0.9143310417768381,0
0.5211380893022575,0.061,0.0,0,6,0.9143310417768381,0
0.5211380889997171,0.036000000000000004,0.0,0,7,0.9143310417768381,0
0.5211380889952256,0.0,1.0,0,27,0.9143310417768381,0
0.5211380889910373,0.306,0.0,0,2,0.9143310417768381,0
0.5211380889884516,0.034,0.0,0,8,0.9143310417768381,0
rank_index,time,class,failures,ranking,nfpa,failure_metric
0.5211676297297752,0.055999999999999994,0.0,0,5,0.8255097202465623,0
0.5211640686508032,0.001,1.0,0,15,0.8255097202465623,0
0.521159031809042,0.033,0.0,0,8,0.8255097202465623,0
0.5211515104655307,0.0,1.0,0,17,0.8255097202465623,0
0.5211509534425292,0.001,1.0,0,16,0.8255097202465623,0
0.5211474945662227,0.003,1.0,0,14,0.8255097202465623,0
0.5211410088309016,0.14300000000000002,0.0,0,3,0.8255097202465623,0
0.5211399461415386,0.06,0.0,0,4,0.8255097202465623,0
0.5211390832563685,0.009000000000000001,0.0,0,12,0.8255097202465623,0
0.5211385247171373,0.009000000000000001,0.0,0,13,0.8255097202465623,0
0.5211382461492925,0.015,0.0,0,11,0.8255097202465623,0
0.5211382275285902,0.02,0.0,0,10,0.8255097202465623,0
0.5211380941508984,1.8,0.0,0,1,0.8255097202465623,0
0.5211380893028075,0.048,0.0,0,7,0.8255097202465623,0
0.5211380889997461,0.048,0.0,0,6,0.8255097202465623,0
0.5211380889952294,0.0,1.0,0,18,0.8255097202465623,0
0.5211380889910514,0.313,0.0,0,2,0.8255097202465623,0
0.5211380889884516,0.031,0.0,0,9,0.8255097202465623,0
rank_index,time,class,failures,ranking,nfpa,failure_metric
0.5211752639112937,0.001,1.0,0,21,0.9056277056277057,0
0.5211677398158935,0.0,1.0,0,26,0.9056277056277057,0
0.521167038213483,0.001,1.0,0,19,0.9056277056277057,0
0.5211669576505771,0.0,1.0,0,24,0.9056277056277057,0
0.5211642971316011,0.0,1.0,0,25,0.9056277056277057,0
0.5211642539338835,0.0,1.0,0,22,0.9056277056277057,0
0.5211591984830506,0.026000000000000002,0.0,0,8,0.9056277056277057,0
0.5211536816454574,0.0,1.0,0,23,0.9056277056277057,0
0.5211516434965485,0.002,1.0,0,17,0.9056277056277057,0
0.5211510775585603,0.001,1.0,0,20,0.9056277056277057,0
0.5211475896332136,0.002,1.0,0,18,0.9056277056277057,0
0.521145099969628,0.012,0.0,0,11,0.9056277056277057,0
0.5211426414377691,0.004,1.0,0,16,0.9056277056277057,0
0.5211403198508964,0.079,0.0,0,5,0.9056277056277057,0
0.5211402656745671,0.109,0.0,0,3,0.9056277056277057,0
0.5211399706367704,0.091,0.0,0,4,0.9056277056277057,0
0.5211390952017548,0.005,0.0,0,15,0.9056277056277057,0
0.5211385301951866,0.006,0.0,0,13,0.9056277056277057,0
0.5211384342927279,0.006,0.0,0,14,0.9056277056277057,0
0.5211382481987731,0.008,0.0,0,12,0.9056277056277057,0
0.5211382292572627,0.035,0.0,0,7,0.9056277056277057,0
0.5211380942730917,1.86,0.0,0,1,0.9056277056277057,0
0.5211380893071108,0.042,0.0,0,6,0.9056277056277057,0
0.5211380889998735,0.025,0.0,0,9,0.9056277056277057,0
0.5211380889952231,0.0,1.0,0,27,0.9056277056277057,0
0.5211380889910829,0.34,0.0,0,2,0.9056277056277057,0
0.5211380889884516,0.019,0.0,0,10,0.9056277056277057,0
rank_index,time,class,failures,ranking,nfpa,failure_metric
0.5211749422706574,0.001,1.0,0,21,0.8852488687782806,0
0.5211676833865692,0.0,1.0,0,22,0.8852488687782806,0
0.5211666810814912,0.003,1.0,0,17,0.8852488687782806,0
0.521159088345963,0.026000000000000002,0.0,0,9,0.8852488687782806,0
0.5211515449259984,0.0,1.0,0,23,0.8852488687782806,0
0.5211509885040132,0.001,1.0,0,20,0.8852488687782806,0
0.5211475215286343,0.003,1.0,0,18,0.8852488687782806,0
0.5211474523982692,0.0,1.0,0,24,0.8852488687782806,0
0.5211449536303306,0.011000000000000001,0.0,0,14,0.8852488687782806,0
0.5211425408596724,0.005,0.0,0,16,0.8852488687782806,0
0.5211402937841273,0.105,0.0,0,3,0.8852488687782806,0
0.5211402722345994,0.096,0.0,0,4,0.8852488687782806,0
0.5211399498850982,0.061,0.0,0,5,0.8852488687782806,0
0.5211390866876483,0.006999999999999999,0.0,0,15,0.8852488687782806,0
0.5211385263271419,0.012,0.0,0,13,0.8852488687782806,0
0.5211384262398504,0.003,1.0,0,19,0.8852488687782806,0
0.5211383198214462,0.013000000000000001,0.0,0,11,0.8852488687782806,0
0.5211382468110403,0.012,0.0,0,12,0.8852488687782806,0
0.5211382278593222,0.018000000000000002,0.0,0,10,0.8852488687782806,0
0.5211380941971865,1.9380000000000002,0.0,0,1,0.8852488687782806,0
0.5211380893045123,0.039,0.0,0,6,0.8852488687782806,0
0.5211380889997955,0.034,0.0,0,8,0.8852488687782806,0
0.5211380889952556,0.0,1.0,0,25,0.8852488687782806,0
0.5211380889910545,0.293,0.0,0,2,0.8852488687782806,0
0.5211380889884516,0.038,0.0,0,7,0.8852488687782806,0
rank_index,time,class,failures,ranking,nfpa,failure_metric
0.5211750621253555,0.001,1.0,0,18,0.8932178932178936,0
0.5211678199755531,0.0,1.0,0,25,0.8932178932178936,0
0.5211670163587382,0.0,1.0,0,24,0.8932178932178936,0
0.5211668190893247,0.002,1.0,0,17,0.8932178932178936,0
0.5211645272314026,0.0,1.0,0,21,0.8932178932178936,0
0.5211592097156165,0.037000000000000005,0.0,0,8,0.8932178932178936,0
0.5211537268482821,0.0,1.0,0,22,0.8932178932178936,0
0.5211516415442475,0.001,1.0,0,19,0.8932178932178936,0
0.5211510755896297,0.001,1.0,0,20,0.8932178932178936,0
0.5211475935365125,0.0,1.0,0,27,0.8932178932178936,0
0.5211472007996535,0.0,1.0,0,23,0.8932178932178936,0
0.5211450091023112,0.012,0.0,0,13,0.8932178932178936,0
0.5211403135117298,0.09699999999999999,0.0,0,4,0.8932178932178936,0
0.5211402878372363,0.102,0.0,0,3,0.8932178932178936,0
0.5211399710735416,0.075,0.0,0,5,0.8932178932178936,0
0.5211390956916468,0.008,0.0,0,15,0.8932178932178936,0
0.5211385301876692,0.01,0.0,0,14,0.8932178932178936,0
0.5211384294773438,0.005,0.0,0,16,0.8932178932178936,0
0.5211382482718038,0.013999999999999999,0.0,0,11,0.8932178932178936,0
0.5211382293547367,0.023,0.0,0,10,0.8932178932178936,0
0.5211382077158565,0.013999999999999999,0.0,0,12,0.8932178932178936,0
0.5211380942107962,1.969,0.0,0,1,0.8932178932178936,0
0.5211380893074539,0.048,0.0,0,7,0.8932178932178936,0
0.5211380889998892,0.052000000000000005,0.0,0,6,0.8932178932178936,0
0.5211380889953187,0.0,1.0,0,26,0.8932178932178936,0
0.5211380889910874,0.3,0.0,0,2,0.8932178932178936,0
0.5211380889884516,0.035,0.0,0,9,0.8932178932178936,0
rank_index,time,class,failures,ranking,nfpa,failure_metric
0.5211748893838615,0.001,1.0,0,20,0.8939393939393941,0
0.5211676281109691,0.0,1.0,0,26,0.8939393939393941,0
0.5211666299085324,0.002,1.0,0,17,0.8939393939393941,0
0.5211665546890952,0.0,1.0,0,23,0.8939393939393941,0
0.5211640716377601,0.0,1.0,0,24,0.8939393939393941,0
0.52115902445006,0.033,0.0,0,8,0.8939393939393941,0
0.5211533723398531,0.001,1.0,0,18,0.8939393939393941,0
0.521151509970709,0.001,1.0,0,21,0.8939393939393941,0
0.5211509552269363,0.001,1.0,0,19,0.8939393939393941,0
0.5211474967972137,0.0,1.0,0,25,0.8939393939393941,0
0.5211471012109252,0.0,1.0,0,22,0.8939393939393941,0
0.5211449310453219,0.01,0.0,0,13,0.8939393939393941,0
0.5211402877847291,0.105,0.0,0,3,0.8939393939393941,0
0.5211402603664343,0.08900000000000001,0.0,0,4,0.8939393939393941,0
0.5211399463034867,0.087,0.0,0,5,0.8939393939393941,0
0.521139082923435,0.006,0.0,0,15,0.8939393939393941,0
0.5211385246747361,0.006999999999999999,0.0,0,14,0.8939393939393941,0
0.5211384251209819,0.004,1.0,0,16,0.8939393939393941,0
0.5211382461765695,0.012,0.0,0,12,0.8939393939393941,0
0.5211382275140428,0.023,0.0,0,10,0.8939393939393941,0
0.5211382086719211,0.013999999999999999,0.0,0,11,0.8939393939393941,0
0.5211380941290192,1.931,0.0,0,1,0.8939393939393941,0
0.5211380893032163,0.043,0.0,0,6,0.8939393939393941,0
0.5211380889997274,0.043,0.0,0,7,0.8939393939393941,0
0.5211380889952308,0.0,1.0,0,27,0.8939393939393941,0
0.5211380889910534,0.297,0.0,0,2,0.8939393939393941,0
0.5211380889884516,0.026000000000000002,0.0,0,9,0.8939393939393941,0
rank_index,time,class,failures,ranking,nfpa,failure_metric
0.5211751409083466,0.001,1.0,0,21,0.9048122686409309,0
0.5211679055036814,0.0,1.0,0,25,0.9048122686409309,0
0.5211669041246305,0.001,1.0,0,20,0.9048122686409309,0
0.5211668214075633,0.0,1.0,0,29,0.9048122686409309,0
0.5211643415149118,0.0,1.0,0,23,0.9048122686409309,0
0.5211611204281231,0.0,1.0,0,28,0.9048122686409309,0
0.5211592804952236,0.027000000000000003,0.0,0,9,0.9048122686409309,0
0.5211535799819117,0.0,1.0,0,24,0.9048122686409309,0
0.5211517042949992,0.0,1.0,0,26,0.9048122686409309,0
0.521151135889124,0.0,1.0,0,27,0.9048122686409309,0
0.521147639509298,0.002,1.0,0,19,0.9048122686409309,0
0.521147242190994,0.0,1.0,0,22,0.9048122686409309,0
0.521145046346601,0.011000000000000001,0.0,0,12,0.9048122686409309,0
0.5211427855672806,0.003,1.0,0,17,0.9048122686409309,0
0.5211403267580446,0.098,0.0,0,4,0.9048122686409309,0
0.5211403017939472,0.111,0.0,0,3,0.9048122686409309,0
0.5211399776753488,0.081,0.0,0,5,0.9048122686409309,0
0.5211398716841241,0.002,1.0,0,18,0.9048122686409309,0
0.5211391012907582,0.008,0.0,0,14,0.9048122686409309,0
0.5211385329920118,0.008,0.0,0,15,0.9048122686409309,0
0.5211383422016671,0.004,1.0,0,16,0.9048122686409309,0
0.5211382491478161,0.01,0.0,0,13,0.9048122686409309,0
0.5211382300579127,0.024,0.0,0,10,0.9048122686409309,0
0.5211382109245404,0.015,0.0,0,11,0.9048122686409309,0
0.5211380942458278,1.869,0.0,0,1,0.9048122686409309,0
0.5211380893091292,0.051,0.0,0,6,0.9048122686409309,0
0.5211380889999484,0.027000000000000003,0.0,0,8,0.9048122686409309,0
0.5211380889953571,0.0,1.0,0,30,0.9048122686409309,0
0.5211380889891365,0.332,0.0,0,2,0.9048122686409309,0
0.5211380889884516,0.03,0.0,0,7,0.9048122686409309,0
rank_index,time,class,failures,ranking,nfpa,failure_metric
0.5211748761124144,0.0,1.0,0,22,0.886153846153846,0
0.5211676086362866,0.0,1.0,0,23,0.886153846153846,0
0.521166606690351,0.002,1.0,0,19,0.886153846153846,0
0.5211590190005203,0.037000000000000005,0.0,0,8,0.886153846153846,0
0.5211515001765975,0.001,1.0,0,20,0.886153846153846,0
0.5211509402765859,0.001,1.0,0,21,0.886153846153846,0
0.5211474861180518,0.002,1.0,0,18,0.886153846153846,0
0.5211470885537004,0.0,1.0,0,24,0.886153846153846,0
0.521144925113827,0.013999999999999999,0.0,0,13,0.886153846153846,0
0.5211425213304213,0.004,1.0,0,17,0.886153846153846,0
0.5211402851846204,0.09699999999999999,0.0,0,3,0.886153846153846,0
0.5211402564538192,0.091,0.0,0,4,0.886153846153846,0
0.5211399433865853,0.078,0.0,0,5,0.886153846153846,0
0.5211390816282511,0.006,0.0,0,15,0.886153846153846,0
0.5211385241542121,0.006999999999999999,0.0,0,14,0.886153846153846,0
0.5211383374234252,0.005,0.0,0,16,0.886153846153846,0
0.5211382460582712,0.022000000000000002,0.0,0,10,0.886153846153846,0
0.5211382273309398,0.021,0.0,0,11,0.886153846153846,0
0.5211382085011911,0.016,0.0,0,12,0.886153846153846,0
0.5211380941692744,1.945,0.0,0,1,0.886153846153846,0
0.5211380893028053,0.061,0.0,0,6,0.886153846153846,0
0.5211380889997402,0.057,0.0,0,7,0.886153846153846,0
0.5211380889952234,0.0,1.0,0,25,0.886153846153846,0
0.5211380889891434,0.308,0.0,0,2,0.886153846153846,0
0.5211380889884516,0.03,0.0,0,9,0.886153846153846,0
rank_index,time,class,failures,ranking,nfpa,failure_metric
0.5211752126507374,0.001,1.0,0,20,0.881447963800905,0
0.5211679809988151,0.001,1.0,0,19,0.881447963800905,0
0.5211669808196006,0.002,1.0,0,18,0.881447963800905,0
0.5211593446671084,0.039,0.0,0,8,0.881447963800905,0
0.5211517520092691,0.0,1.0,0,23,0.881447963800905,0
0.5211511925705063,0.0,1.0,0,21,0.881447963800905,0
0.5211476782431952,0.0,1.0,0,22,0.881447963800905,0
0.5211472802575553,0.0,1.0,0,24,0.881447963800905,0
0.5211450746454703,0.011000000000000001,0.0,0,13,0.881447963800905,0
0.5211425142729393,0.004,1.0,0,17,0.881447963800905,0
0.5211403390383658,0.099,0.0,0,3,0.881447963800905,0
0.5211403123450637,0.077,0.0,0,5,0.881447963800905,0
0.5211399882034001,0.086,0.0,0,4,0.881447963800905,0
0.5211391065180813,0.009000000000000001,0.0,0,14,0.881447963800905,0
0.5211385350702982,0.008,0.0,0,15,0.881447963800905,0
0.521138343497854,0.005,0.0,0,16,0.881447963800905,0
0.5211382497738251,0.013999999999999999,0.0,0,12,0.881447963800905,0
0.521138230837437,0.021,0.0,0,10,0.881447963800905,0
0.5211382114640306,0.015,0.0,0,11,0.881447963800905,0
0.5211380942635421,1.881,0.0,0,1,0.881447963800905,0
0.5211380893102042,0.043,0.0,0,7,0.881447963800905,0
0.5211380889999873,0.055999999999999994,0.0,0,6,0.881447963800905,0
0.5211380889953909,0.0,1.0,0,25,0.881447963800905,0
0.5211380889888162,0.308,0.0,0,2,0.881447963800905,0
0.5211380889884516,0.025,0.0,0,9,0.881447963800905,0
rank_index,time,class,failures,ranking,nfpa,failure_metric
0.5211777812015389,0.0,1.0,0,24,0.9150713907985196,0
0.5211750871659031,0.001,1.0,0,20,0.9150713907985196,0
0.5211735582971908,0.0,1.0,0,28,0.9150713907985196,0
0.521167834805303,0.0,1.0,0,25,0.9150713907985196,0
0.5211676203085213,0.0,1.0,0,29,0.9150713907985196,0
0.5211669518154624,0.001,1.0,0,21,0.9150713907985196,0
0.5211668358736851,0.002,1.0,0,19,0.9150713907985196,0
0.5211650378922689,0.0,1.0,0,23,0.9150713907985196,0
0.5211592157886655,0.032,0.0,0,8,0.9150713907985196,0
0.5211541258132948,0.001,1.0,0,22,0.9150713907985196,0
0.52115165590488,0.0,1.0,0,30,0.9150713907985196,0
0.5211510896505509,0.0,1.0,0,26,0.9150713907985196,0
0.5211476069835236,0.002,1.0,0,18,0.9150713907985196,0
0.5211450177173695,0.015,0.0,0,13,0.9150713907985196,0
0.5211431132004127,0.004,1.0,0,17,0.9150713907985196,0
0.5211403172514105,0.1,0.0,0,3,0.9150713907985196,0
0.5211402941101869,0.091,0.0,0,4,0.9150713907985196,0
0.5211399689260932,0.085,0.0,0,5,0.9150713907985196,0
0.5211390962143571,0.011000000000000001,0.0,0,14,0.9150713907985196,0
0.521138530936883,0.008,0.0,0,15,0.9150713907985196,0
0.5211383411370908,0.006,0.0,0,16,0.9150713907985196,0
0.5211382484644748,0.021,0.0,0,11,0.9150713907985196,0
0.5211382293973319,0.022000000000000002,0.0,0,10,0.9150713907985196,0
0.5211382103752821,0.016,0.0,0,12,0.9150713907985196,0
0.5211380931429781,1.975,0.0,0,1,0.9150713907985196,0
0.5211380893077578,0.057,0.0,0,6,0.9150713907985196,0
0.5211380889998811,0.054000000000000006,0.0,0,7,0.9150713907985196,0
0.5211380889953273,0.0,1.0,0,27,0.9150713907985196,0
0.5211380889888215,0.322,0.0,0,2,0.9150713907985196,0
0.5211380889884516,0.023,0.0,0,9,0.9150713907985196,0
rank_index,time,class,failures,ranking,nfpa,failure_metric
0.5211748853999174,0.001,1.0,0,19,0.8956709956709958,0
0.5211676255595239,0.001,1.0,0,21,0.8956709956709958,0
0.5211666338214769,0.001,1.0,0,18,0.8956709956709958,0
0.5211665529665157,0.0,1.0,0,25,0.8956709956709958,0
0.5211640722314662,0.0,1.0,0,23,0.8956709956709958,0
0.5211590293238505,0.027999999999999997,0.0,0,9,0.8956709956709958,0
0.5211533752273235,0.0,1.0,0,22,0.8956709956709958,0
0.5211515131803169,0.0,1.0,0,26,0.8956709956709958,0
0.5211509516687406,0.001,1.0,0,20,0.8956709956709958,0
0.5211474902758947,0.003,1.0,0,17,0.8956709956709958,0
0.5211473260837877,0.0,1.0,0,24,0.8956709956709958,0
0.5211449289011307,0.009000000000000001,0.0,0,14,0.8956709956709958,0
0.5211402882169179,0.09699999999999999,0.0,0,3,0.8956709956709958,0
0.5211402617600065,0.092,0.0,0,4,0.8956709956709958,0
0.5211399445399701,0.071,0.0,0,5,0.8956709956709958,0
0.5211390831402085,0.005,0.0,0,15,0.8956709956709958,0
0.5211385248134043,0.01,0.0,0,13,0.8956709956709958,0
0.5211383375724469,0.004,1.0,0,16,0.8956709956709958,0
0.521138246070693,0.015,0.0,0,12,0.8956709956709958,0
0.5211382275651,0.021,0.0,0,10,0.8956709956709958,0
0.5211382086389131,0.015,0.0,0,11,0.8956709956709958,0
0.5211380932285425,1.93,0.0,0,1,0.8956709956709958,0
0.5211380893029822,0.048,0.0,0,6,0.8956709956709958,0
0.5211380889997249,0.036000000000000004,0.0,0,7,0.8956709956709958,0
0.5211380889952308,0.0,1.0,0,27,0.8956709956709958,0
0.5211380889888159,0.313,0.0,0,2,0.8956709956709958,0
0.5211380889884516,0.036000000000000004,0.0,0,8,0.8956709956709958,0
rank_index,time,class,failures,ranking,nfpa,failure_metric
0.5211750250802786,0.001,1.0,0,20,0.8861538461538463,0
0.5211677798066994,0.0,1.0,0,24,0.8861538461538463,0
0.5211667765576161,0.001,1.0,0,19,0.8861538461538463,0
0.5211591674132429,0.027000000000000003,0.0,0,8,0.8861538461538463,0
0.5211516164825386,0.0,1.0,0,22,0.8861538461538463,0
0.5211510495056066,0.001,1.0,0,21,0.8861538461538463,0
0.5211475742643001,0.002,1.0,0,18,0.8861538461538463,0
0.5211471761460192,0.0,1.0,0,23,0.8861538461538463,0
0.5211449920510868,0.01,0.0,0,13,0.8861538461538463,0
0.5211427555098108,0.003,1.0,0,17,0.8861538461538463,0
0.5211403096943269,0.098,0.0,0,3,0.8861538461538463,0
0.5211402837048809,0.087,0.0,0,4,0.8861538461538463,0
0.5211399643647283,0.071,0.0,0,5,0.8861538461538463,0
0.5211390927016456,0.008,0.0,0,14,0.8861538461538463,0
0.5211385289285093,0.008,0.0,0,15,0.8861538461538463,0
0.5211383401498303,0.004,1.0,0,16,0.8861538461538463,0
0.5211382477634017,0.016,0.0,0,12,0.8861538461538463,0
0.521138228902798,0.022000000000000002,0.0,0,10,0.8861538461538463,0
0.5211382098709048,0.016,0.0,0,11,0.8861538461538463,0
0.5211380932884532,1.979,0.0,0,1,0.8861538461538463,0
0.5211380893062847,0.051,0.0,0,6,0.8861538461538463,0
0.5211380889998555,0.037000000000000005,0.0,0,7,0.8861538461538463,0
0.5211380889952161,0.0,1.0,0,25,0.8861538461538463,0
0.5211380889887731,0.304,0.0,0,2,0.8861538461538463,0
0.5211380889884516,0.025,0.0,0,9,0.8861538461538463,0
rank_index,time,class,failures,ranking,nfpa,failure_metric
0.5211669588566937,0.055,0.0,0,2,0.8428571428571429,0
0.5211517394490305,0.0,1.0,0,7,0.8428571428571429,0
0.5211450696407427,0.027000000000000003,0.0,0,4,0.8428571428571429,0
0.5211383385162466,0.005,0.0,0,5,0.8428571428571429,0
0.5211382306089166,0.03,0.0,0,3,0.8428571428571429,0
0.5211380889953836,0.001,1.0,0,6,0.8428571428571429,0
0.5211380889888138,0.381,0.0,0,1,0.8428571428571429,0
rank_index,time,class,failures,ranking,nfpa,failure_metric
0.5211667029318436,0.046,0.0,0,2,0.7999999999999999,0
0.5211516129043866,0.0,1.0,0,5,0.7999999999999999,0
0.5211449826291146,0.017,0.0,0,4,0.7999999999999999,0
0.5211383354621143,0.0,1.0,0,6,0.7999999999999999,0
0.5211382287756853,0.026000000000000002,0.0,0,3,0.7999999999999999,0
0.5211380889952968,0.0,1.0,0,7,0.7999999999999999,0
0.5211380889888069,0.34700000000000003,0.0,0,1,0.7999999999999999,0
rank_index,time,class,failures,ranking,nfpa,failure_metric
0.5211665497309016,0.004,1.0,0,9,0.8807881773399011,0
0.5211651464617639,0.0,1.0,0,12,0.8807881773399011,0
0.5211542145818997,0.0,1.0,0,13,0.8807881773399011,0
0.5211514957326072,0.001,1.0,0,11,0.8807881773399011,0
0.5211479785219941,0.005,0.0,0,8,0.8807881773399011,0
0.521144920565455,0.022000000000000002,0.0,0,5,0.8807881773399011,0
0.5211403921684435,0.114,0.0,0,2,0.8807881773399011,0
0.5211397857675112,0.002,1.0,0,10,0.8807881773399011,0
0.5211383328379018,0.006,0.0,0,7,0.8807881773399011,0
0.521138227249111,0.027999999999999997,0.0,0,4,0.8807881773399011,0
0.5211382160219248,0.02,0.0,0,6,0.8807881773399011,0
0.5211380893226021,0.057999999999999996,0.0,0,3,0.8807881773399011,0
0.5211380889952216,0.0,1.0,0,14,0.8807881773399011,0
0.5211380889888039,0.37799999999999995,0.0,0,1,0.8807881773399011,0
rank_index,time,class,failures,ranking,nfpa,failure_metric
0.5211759254794756,0.001,1.0,0,21,0.8875987743912271,0
0.5211687410361762,0.0,1.0,0,23,0.8875987743912271,0
0.5211666184108492,0.002,1.0,0,17,0.8875987743912271,0
0.5211612646795266,0.001,1.0,0,22,0.8875987743912271,0
0.5211600614564249,0.03,0.0,0,7,0.8875987743912271,0
0.521151719128554,0.0,1.0,0,24,0.8875987743912271,0
0.5211515053772654,0.001,1.0,0,19,0.8875987743912271,0
0.5211476793753047,0.0,1.0,0,26,0.8875987743912271,0
0.5211474868923056,0.001,1.0,0,20,0.8875987743912271,0
0.5211449238156844,0.01,0.0,0,12,0.8875987743912271,0
0.5211427315683925,0.004,1.0,0,16,0.8875987743912271,0
0.5211404505192848,0.10300000000000001,0.0,0,3,0.8875987743912271,0
0.5211402564221701,0.08900000000000001,0.0,0,4,0.8875987743912271,0
0.5211400852244217,0.087,0.0,0,5,0.8875987743912271,0
0.521139158662833,0.001,1.0,0,18,0.8875987743912271,0
0.5211385580565179,0.006999999999999999,0.0,0,14,0.8875987743912271,0
0.5211383328279742,0.005,0.0,0,15,0.8875987743912271,0
0.5211382582441966,0.01,0.0,0,13,0.8875987743912271,0
0.5211382273735583,0.022000000000000002,0.0,0,9,0.8875987743912271,0
0.5211382085477685,0.017,0.0,0,10,0.8875987743912271,0
0.5211380926814949,1.965,0.0,0,1,0.8875987743912271,0
0.5211380893027688,0.016,0.0,0,11,0.8875987743912271,0
0.5211380890006168,0.038,0.0,0,6,0.8875987743912271,0
0.5211380889952253,0.0,1.0,0,25,0.8875987743912271,0
0.5211380889888033,0.385,0.0,0,2,0.8875987743912271,0
0.5211380889884516,0.025,0.0,0,8,0.8875987743912271,0
rank_index,time,class,failures,ranking,nfpa,failure_metric
0.5211749662433494,0.0,1.0,0,24,0.8897546897546897,0
0.5211677079606518,0.001,1.0,0,22,0.8897546897546897,0
0.5211667121664821,0.002,1.0,0,20,0.8897546897546897,0
0.5211606854778997,0.0,1.0,0,25,0.8897546897546897,0
0.5211591092377196,0.027999999999999997,0.0,0,10,0.8897546897546897,0
0.5211515685605774,0.001,1.0,0,21,0.8897546897546897,0
0.5211510101627498,0.002,1.0,0,19,0.8897546897546897,0
0.5211475370436068,0.003,1.0,0,18,0.8897546897546897,0
0.5211471441117886,0.0,1.0,0,26,0.8897546897546897,0
0.5211449673831198,0.013999999999999999,0.0,0,12,0.8897546897546897,0
0.5211425508915145,0.004,1.0,0,17,0.8897546897546897,0
0.5211402995060554,0.10300000000000001,0.0,0,3,0.8897546897546897,0
0.5211402747090971,0.092,0.0,0,4,0.8897546897546897,0
0.5211399543133293,0.086,0.0,0,5,0.8897546897546897,0
0.5211393643133791,0.0,1.0,0,23,0.8897546897546897,0
0.5211390891309433,0.006,0.0,0,16,0.8897546897546897,0
0.5211385272415922,0.011000000000000001,0.0,0,14,0.8897546897546897,0
0.5211383344617948,0.008,0.0,0,15,0.8897546897546897,0
0.5211382471512117,0.012,0.0,0,13,0.8897546897546897,0
0.5211382283370612,0.027999999999999997,0.0,0,9,0.8897546897546897,0
0.5211382093209728,0.024,0.0,0,11,0.8897546897546897,0
0.5211380902109491,2.6210000000000004,0.0,0,1,0.8897546897546897,0
0.5211380893058329,0.052000000000000005,0.0,0,6,0.8897546897546897,0
0.5211380889998053,0.040999999999999995,0.0,0,7,0.8897546897546897,0
0.5211380889952695,0.0,1.0,0,27,0.8897546897546897,0
0.5211380889888052,0.341,0.0,0,2,0.8897546897546897,0
0.5211380889884516,0.039,0.0,0,8,0.8897546897546897,0
rank_index,time,class,failures,ranking,nfpa,failure_metric
0.5211676283583621,0.0,1.0,0,20,0.8740447957839262,0
0.5211666244118587,0.002,1.0,0,18,0.8740447957839262,0
0.5211590321519853,0.027000000000000003,0.0,0,9,0.8740447957839262,0
0.5211515045821854,0.0,1.0,0,22,0.8740447957839262,0
0.5211474926753665,0.002,1.0,0,17,0.8740447957839262,0
0.5211473064386156,0.001,1.0,0,19,0.8740447957839262,0
0.5211449289542168,0.012,0.0,0,13,0.8740447957839262,0
0.5211402868287013,0.10400000000000001,0.0,0,3,0.8740447957839262,0
0.5211402622328964,0.08900000000000001,0.0,0,4,0.8740447957839262,0
0.521139944019822,0.086,0.0,0,5,0.8740447957839262,0
0.52113908260422,0.009000000000000001,0.0,0,15,0.8740447957839262,0
0.5211385246874686,0.011000000000000001,0.0,0,14,0.8740447957839262,0
0.5211383329469927,0.005,0.0,0,16,0.8740447957839262,0
0.5211382462654982,0.013000000000000001,0.0,0,12,0.8740447957839262,0
0.5211382273949542,0.021,0.0,0,10,0.8740447957839262,0
0.5211382085434295,0.016,0.0,0,11,0.8740447957839262,0
0.5211380901350902,2.5180000000000002,0.0,0,1,0.8740447957839262,0
0.521138089302889,0.049,0.0,0,6,0.8740447957839262,0
0.5211380889997362,0.043,0.0,0,7,0.8740447957839262,0
0.5211380889952315,0.0,1.0,0,21,0.8740447957839262,0
0.5211380889888046,0.384,0.0,0,2,0.8740447957839262,0
0.5211380889884516,0.034,0.0,0,8,0.8740447957839262,0
rank_index,time,class,failures,ranking,nfpa,failure_metric
0.5211665991520157,0.044000000000000004,0.0,0,2,0.8753246753246752,0
0.5211647608684631,0.0,1.0,0,10,0.8753246753246752,0
0.5211539107162025,0.0,1.0,0,9,0.8753246753246752,0
0.5211514893026635,0.0,1.0,0,8,0.8753246753246752,0
0.5211449180503885,0.018000000000000002,0.0,0,5,0.8753246753246752,0
0.5211383326328421,0.006999999999999999,0.0,0,6,0.8753246753246752,0
0.5211382272220372,0.031,0.0,0,3,0.8753246753246752,0
0.5211382083974612,0.022000000000000002,0.0,0,4,0.8753246753246752,0
0.521138088995216,0.001,1.0,0,7,0.8753246753246752,0
0.5211380889888027,0.335,0.0,0,1,0.8753246753246752,0
rank_index,time,class,failures,ranking,nfpa,failure_metric
0.5211665855903475,0.045,0.0,0,2,0.8493506493506493,0
0.52116408238479,0.0,1.0,0,10,0.8493506493506493,0
0.521153382266241,0.001,1.0,0,7,0.8493506493506493,0
0.5211515192781377,0.0,1.0,0,9,0.8493506493506493,0
0.5211449335479597,0.027000000000000003,0.0,0,4,0.8493506493506493,0
0.5211383332256847,0.002,1.0,0,6,0.8493506493506493,0
0.5211382275104479,0.031,0.0,0,3,0.8493506493506493,0
0.5211382086888168,0.021,0.0,0,5,0.8493506493506493,0
0.5211380889952356,0.001,1.0,0,8,0.8493506493506493,0
0.5211380889888051,0.386,0.0,0,1,0.8493506493506493,0
rank_index,time,class,failures,ranking,nfpa,failure_metric
0.5211755065894591,0.0,1.0,0,26,0.9048483277158413,0
0.5211680698838426,0.0,1.0,0,25,0.9048483277158413,0
0.521166592777894,0.002,1.0,0,19,0.9048483277158413,0
0.5211640942362511,0.0,1.0,0,23,0.9048483277158413,0
0.5211612340043837,0.001,1.0,0,20,0.9048483277158413,0
0.5211594390566378,0.03,0.0,0,9,0.9048483277158413,0
0.5211533859576591,0.0,1.0,0,24,0.9048483277158413,0
0.5211515226357206,0.001,1.0,0,21,0.9048483277158413,0
0.5211477271359326,0.004,1.0,0,17,0.9048483277158413,0
0.5211475455960467,0.001,1.0,0,22,0.9048483277158413,0
0.521147443988675,0.0,1.0,0,28,0.9048483277158413,0
0.5211442322518441,0.012,0.0,0,13,0.9048483277158413,0
0.5211427145301217,0.003,1.0,0,18,0.9048483277158413,0
0.5211403499669013,0.105,0.0,0,3,0.9048483277158413,0
0.5211403250446257,0.09,0.0,0,4,0.9048483277158413,0
0.5211399982559761,0.09,0.0,0,5,0.9048483277158413,0
0.5211391121708099,0.006999999999999999,0.0,0,15,0.9048483277158413,0
0.5211385376633435,0.01,0.0,0,14,0.9048483277158413,0
0.5211383334097665,0.004,1.0,0,16,0.9048483277158413,0
0.5211382508868513,0.013999999999999999,0.0,0,11,0.9048483277158413,0
0.5211382275458029,0.017,0.0,0,10,0.9048483277158413,0
0.5211382087504034,0.013000000000000001,0.0,0,12,0.9048483277158413,0
0.5211380901798602,2.557,0.0,0,1,0.9048483277158413,0
0.5211380893126374,0.043,0.0,0,7,0.9048483277158413,0
0.5211380890000732,0.044000000000000004,0.0,0,6,0.9048483277158413,0
0.5211380889952404,0.0,1.0,0,27,0.9048483277158413,0
0.5211380889888246,0.27,0.0,0,2,0.9048483277158413,0
0.5211380889884516,0.038,0.0,0,8,0.9048483277158413,0
rank_index,time,class,failures,ranking,nfpa,failure_metric
0.5211665976832248,0.052000000000000005,0.0,0,2,0.8207792207792207,0
0.5211640413154764,0.0,1.0,0,8,0.8207792207792207,0
0.5211533488813592,0.0,1.0,0,7,0.8207792207792207,0
0.5211514914805182,0.0,1.0,0,9,0.8207792207792207,0
0.5211442261350872,0.028999999999999998,0.0,0,5,0.8207792207792207,0
0.521138332638662,0.009000000000000001,0.0,0,6,0.8207792207792207,0
0.5211382592249653,0.049,0.0,0,3,0.8207792207792207,0
0.5211382084600903,0.033,0.0,0,4,0.8207792207792207,0
0.5211380889952179,0.0,1.0,0,10,0.8207792207792207,0
0.5211380889888274,0.433,0.0,0,1,0.8207792207792207,0
rank_index,time,class,failures,ranking,nfpa,failure_metric
0.5211665871496907,0.054000000000000006,0.0,0,2,0.8142857142857143,0
0.5211515268467289,0.0,1.0,0,6,0.8142857142857143,0
0.5211442345777414,0.023,0.0,0,4,0.8142857142857143,0
0.5211382984440885,0.01,0.0,0,5,0.8142857142857143,0
0.5211382274294306,0.04,0.0,0,3,0.8142857142857143,0
0.5211380889952416,0.0,1.0,0,7,0.8142857142857143,0
0.5211380889888233,0.41700000000000004,0.0,0,1,0.8142857142857143,0
rank_index,time,class,failures,ranking,nfpa,failure_metric
0.5211665311243553,0.051,0.0,0,2,0.8493506493506493,0
0.5211642797788443,0.0,1.0,0,10,0.8493506493506493,0
0.5211535336504127,0.001,1.0,0,7,0.8493506493506493,0
0.5211514900070588,0.0,1.0,0,9,0.8493506493506493,0
0.5211442185324701,0.026000000000000002,0.0,0,4,0.8493506493506493,0
0.5211383324971859,0.001,1.0,0,6,0.8493506493506493,0
0.5211382588043602,0.046,0.0,0,3,0.8493506493506493,0
0.5211382101723767,0.019,0.0,0,5,0.8493506493506493,0
0.5211380889952173,0.001,1.0,0,8,0.8493506493506493,0
0.5211380889888224,0.36,0.0,0,1,0.8493506493506493,0
rank_index,time,class,failures,ranking,nfpa,failure_metric
0.521166552121157,0.05,0.0,0,2,0.8142857142857143,0
0.5211515029785355,0.0,1.0,0,6,0.8142857142857143,0
0.5211442232436007,0.024,0.0,0,4,0.8142857142857143,0
0.5211382980934076,0.003,1.0,0,5,0.8142857142857143,0
0.5211382589777238,0.031,0.0,0,3,0.8142857142857143,0
0.5211380889952252,0.0,1.0,0,7,0.8142857142857143,0
0.5211380889888249,0.41200000000000003,0.0,0,1,0.8142857142857143,0
rank_index,time,class,failures,ranking,nfpa,failure_metric
0.5211756704269455,0.001,1.0,0,18,0.885018545395904,0
0.5211684595272259,0.0,1.0,0,24,0.885018545395904,0
0.5211665608302797,0.001,1.0,0,19,0.885018545395904,0
0.5211613967042821,0.001,1.0,0,20,0.885018545395904,0
0.5211597960797505,0.04,0.0,0,8,0.885018545395904,0
0.5211515245747367,0.001,1.0,0,23,0.885018545395904,0
0.5211515072864106,0.001,1.0,0,21,0.885018545395904,0
0.5211479441798749,0.001,1.0,0,22,0.885018545395904,0
0.5211475364431316,0.0,1.0,0,25,0.885018545395904,0
0.5211449223417899,0.013000000000000001,0.0,0,12,0.885018545395904,0
0.5211427610000781,0.003,1.0,0,17,0.885018545395904,0
0.521140408458072,0.10400000000000001,0.0,0,3,0.885018545395904,0
0.5211403826805576,0.102,0.0,0,4,0.885018545395904,0
0.5211400466197146,0.08800000000000001,0.0,0,5,0.885018545395904,0
0.521139139198875,0.009000000000000001,0.0,0,14,0.885018545395904,0
0.5211385494343557,0.008,0.0,0,15,0.885018545395904,0
0.5211383329798814,0.005,0.0,0,16,0.885018545395904,0
0.5211382551710381,0.013000000000000001,0.0,0,13,0.885018545395904,0
0.5211382273795091,0.02,0.0,0,9,0.885018545395904,0
0.5211382102994165,0.016,0.0,0,11,0.885018545395904,0
0.5211380926451702,1.979,0.0,0,1,0.885018545395904,0
0.5211380893214658,0.048,0.0,0,6,0.885018545395904,0
0.5211380890003845,0.048,0.0,0,7,0.885018545395904,0
0.5211380889952273,0.0,1.0,0,26,0.885018545395904,0
0.5211380889888022,0.318,0.0,0,2,0.885018545395904,0
0.5211380889884516,0.02,0.0,0,10,0.885018545395904,0
rank_index,time,class,failures,ranking,nfpa,failure_metric
0.5211750012882632,0.0,1.0,0,27,0.8872004675628289,0
0.5211677529126857,0.001,1.0,0,21,0.8872004675628289,0
0.5211667490110644,0.002,1.0,0,19,0.8872004675628289,0
0.5211646161546708,0.0,1.0,0,24,0.8872004675628289,0
0.5211607192615478,0.001,1.0,0,22,0.8872004675628289,0
0.5211591350593167,0.04,0.0,0,8,0.8872004675628289,0
0.521153795260597,0.001,1.0,0,20,0.8872004675628289,0
0.5211515930760077,0.001,1.0,0,23,0.8872004675628289,0
0.5211475609511009,0.003,1.0,0,17,0.8872004675628289,0
0.5211473796598539,0.0,1.0,0,26,0.8872004675628289,0
0.5211471628550096,0.0,1.0,0,28,0.8872004675628289,0
0.5211442806687291,0.013999999999999999,0.0,0,13,0.8872004675628289,0
0.5211425619670791,0.003,1.0,0,18,0.8872004675628289,0
0.5211403043722619,0.10400000000000001,0.0,0,4,0.8872004675628289,0
0.5211402776750667,0.115,0.0,0,3,0.8872004675628289,0
0.5211399588966267,0.086,0.0,0,5,0.8872004675628289,0
0.5211395198816138,0.0,1.0,0,25,0.8872004675628289,0
0.5211390908353672,0.008,0.0,0,15,0.8872004675628289,0
0.5211385282805745,0.009000000000000001,0.0,0,14,0.8872004675628289,0
0.5211382999015971,0.005,0.0,0,16,0.8872004675628289,0
0.5211382608338025,0.021,0.0,0,10,0.8872004675628289,0
0.5211382475096349,0.019,0.0,0,11,0.8872004675628289,0
0.5211382096467884,0.015,0.0,0,12,0.8872004675628289,0
0.521138090212713,2.591,0.0,0,1,0.8872004675628289,0
0.5211380893058278,0.055999999999999994,0.0,0,7,0.8872004675628289,0
0.5211380889998245,0.062,0.0,0,6,0.8872004675628289,0
0.5211380889952865,0.0,1.0,0,29,0.8872004675628289,0
0.5211380889888295,0.34700000000000003,0.0,0,2,0.8872004675628289,0
0.5211380889884516,0.035,0.0,0,9,0.8872004675628289,0
rank_index,time,class,failures,ranking,nfpa,failure_metric
0.5211749246690218,0.001,1.0,0,19,0.8877600387034348,0
0.5211676648630574,0.0,1.0,0,23,0.8877600387034348,0
0.5211666677707391,0.001,1.0,0,21,0.8877600387034348,0
0.5211606445808556,0.001,1.0,0,20,0.8877600387034348,0
0.5211590522210344,0.027999999999999997,0.0,0,8,0.8877600387034348,0
0.5211515365835716,0.002,1.0,0,17,0.8877600387034348,0
0.5211475112725135,0.0,1.0,0,22,0.8877600387034348,0
0.5211473300673348,0.0,1.0,0,24,0.8877600387034348,0
0.5211471199284546,0.0,1.0,0,26,0.8877600387034348,0
0.5211442476035165,0.012,0.0,0,12,0.8877600387034348,0
0.521142538411372,0.002,1.0,0,18,0.8877600387034348,0
0.5211402923515728,0.09699999999999999,0.0,0,3,0.8877600387034348,0
0.5211402629744989,0.077,0.0,0,5,0.8877600387034348,0
0.5211399490318824,0.081,0.0,0,4,0.8877600387034348,0
0.5211390853879164,0.006,0.0,0,14,0.8877600387034348,0
0.5211385258817011,0.006,0.0,0,15,0.8877600387034348,0
0.5211382987438584,0.005,0.0,0,16,0.8877600387034348,0
0.521138259930489,0.021,0.0,0,10,0.8877600387034348,0
0.5211382465293541,0.012,0.0,0,13,0.8877600387034348,0
0.5211382089576441,0.019,0.0,0,11,0.8877600387034348,0
0.5211380901408605,2.5610000000000004,0.0,0,1,0.8877600387034348,0
0.5211380893037285,0.039,0.0,0,6,0.8877600387034348,0
0.5211380889997466,0.032,0.0,0,7,0.8877600387034348,0
0.521138088994147,0.0,1.0,0,25,0.8877600387034348,0
0.5211380889888265,0.38299999999999995,0.0,0,2,0.8877600387034348,0
0.5211380889884516,0.024,0.0,0,9,0.8877600387034348,0
rank_index,time,class,failures,ranking,nfpa,failure_metric
0.5211790062770094,0.001,1.0,0,18,0.9089312794317185,0
0.5211753220746895,0.0,1.0,0,29,0.9089312794317185,0
0.5211749487474117,0.001,1.0,0,22,0.9089312794317185,0
0.5211704206729797,0.0,1.0,0,26,0.9089312794317185,0
0.5211694468678711,0.0,1.0,0,28,0.9089312794317185,0
0.521167697316726,0.0,1.0,0,31,0.9089312794317185,0
0.5211667035993265,0.001,1.0,0,19,0.9089312794317185,0
0.5211643911010374,0.0,1.0,0,27,0.9089312794317185,0
0.5211606723654302,0.0,1.0,0,30,0.9089312794317185,0
0.5211590968091127,0.03,0.0,0,8,0.9089312794317185,0
0.5211536197140327,0.0,1.0,0,25,0.9089312794317185,0
0.5211515547100498,0.001,1.0,0,23,0.9089312794317185,0
0.5211475270125154,0.0,1.0,0,33,0.9089312794317185,0
0.5211473460818409,0.001,1.0,0,24,0.9089312794317185,0
0.5211471386395179,0.001,1.0,0,20,0.9089312794317185,0
0.5211442587337815,0.013999999999999999,0.0,0,12,0.9089312794317185,0
0.5211437058438275,0.001,1.0,0,21,0.9089312794317185,0
0.5211425492962931,0.004,1.0,0,16,0.9089312794317185,0
0.5211402971404975,0.10400000000000001,0.0,0,4,0.9089312794317185,0
0.5211402738619512,0.13699999999999998,0.0,0,3,0.9089312794317185,0
0.5211399524033326,0.09300000000000001,0.0,0,5,0.9089312794317185,0
0.5211390874595369,0.008,0.0,0,14,0.9089312794317185,0
0.5211385269185405,0.006,0.0,0,15,0.9089312794317185,0
0.5211382602270563,0.02,0.0,0,10,0.9089312794317185,0
0.5211382469798571,0.01,0.0,0,13,0.9089312794317185,0
0.5211382181696744,0.003,1.0,0,17,0.9089312794317185,0
0.5211382091209046,0.015,0.0,0,11,0.9089312794317185,0
0.5211380901462929,2.509,0.0,0,1,0.9089312794317185,0
0.5211380893047636,0.039,0.0,0,7,0.9089312794317185,0
0.5211380889997981,0.043,0.0,0,6,0.9089312794317185,0
0.5211380889941578,0.0,1.0,0,32,0.9089312794317185,0
0.5211380889886835,0.32,0.0,0,2,0.9089312794317185,0
0.5211380889884516,0.022000000000000002,0.0,0,9,0.9089312794317185,0
rank_index,time,class,failures,ranking,nfpa,failure_metric
0.5211748942460813,0.001,1.0,0,20,0.8940886699507388,0
0.5211676403033779,0.0,1.0,0,24,0.8940886699507388,0
0.5211666366355929,0.001,1.0,0,19,0.8940886699507388,0
0.5211665603388204,0.0,1.0,0,23,0.8940886699507388,0
0.5211640785050967,0.001,1.0,0,18,0.8940886699507388,0
0.5211606165409374,0.0,1.0,0,25,0.8940886699507388,0
0.5211590396082391,0.031,0.0,0,8,0.8940886699507388,0
0.521151516225352,0.0,1.0,0,28,0.8940886699507388,0
0.5211475011025438,0.001,1.0,0,21,0.8940886699507388,0
0.5211473189219799,0.001,1.0,0,22,0.8940886699507388,0
0.5211471026227876,0.0,1.0,0,26,0.8940886699507388,0
0.5211425279102477,0.003,1.0,0,17,0.8940886699507388,0
0.521141931019321,0.013000000000000001,0.0,0,13,0.8940886699507388,0
0.5211402887564462,0.13699999999999998,0.0,0,3,0.8940886699507388,0
0.5211402554564357,0.087,0.0,0,4,0.8940886699507388,0
0.5211399445317949,0.084,0.0,0,5,0.8940886699507388,0
0.5211390838260599,0.009000000000000001,0.0,0,14,0.8940886699507388,0
0.5211385250657372,0.005,0.0,0,16,0.8940886699507388,0
0.5211382595837605,0.031,0.0,0,7,0.8940886699507388,0
0.5211382463182209,0.015,0.0,0,12,0.8940886699507388,0
0.521138217644747,0.008,0.0,0,15,0.8940886699507388,0
0.5211382087725901,0.023,0.0,0,10,0.8940886699507388,0
0.5211380901470926,2.611,0.0,0,1,0.8940886699507388,0
0.5211380893037022,0.052000000000000005,0.0,0,6,0.8940886699507388,0
0.5211380889997408,0.027999999999999997,0.0,0,9,0.8940886699507388,0
0.5211380889941352,0.0,1.0,0,27,0.8940886699507388,0
0.521138088988684,0.353,0.0,0,2,0.8940886699507388,0
0.5211380889884516,0.017,0.0,0,11,0.8940886699507388,0
rank_index,time,class,failures,ranking,nfpa,failure_metric
0.5211749707415014,0.001,1.0,0,20,0.903565166569258,0
0.5211677118000407,0.0,1.0,0,28,0.903565166569258,0
0.5211667206970412,0.001,1.0,0,19,0.903565166569258,0
0.5211666427554537,0.0,1.0,0,24,0.903565166569258,0
0.5211641584102303,0.0,1.0,0,23,0.903565166569258,0
0.5211606934135561,0.0,1.0,0,25,0.903565166569258,0
0.5211591135311355,0.027999999999999997,0.0,0,7,0.903565166569258,0
0.5211536148358892,0.001,1.0,0,17,0.903565166569258,0
0.5211515723826322,0.0,1.0,0,29,0.903565166569258,0
0.5211475391708825,0.001,1.0,0,22,0.903565166569258,0
0.5211473578005703,0.001,1.0,0,21,0.903565166569258,0
0.5211471448276784,0.0,1.0,0,27,0.903565166569258,0
0.5211425546834367,0.001,1.0,0,18,0.903565166569258,0
0.5211419509924842,0.011000000000000001,0.0,0,13,0.903565166569258,0
0.5211402932187934,0.099,0.0,0,3,0.903565166569258,0
0.521140275205566,0.091,0.0,0,4,0.903565166569258,0
0.5211399558362755,0.081,0.0,0,5,0.903565166569258,0
0.5211390887245765,0.008,0.0,0,14,0.903565166569258,0
0.5211385273517085,0.006,0.0,0,15,0.903565166569258,0
0.5211382603418917,0.02,0.0,0,10,0.903565166569258,0
0.5211382471202632,0.013000000000000001,0.0,0,12,0.903565166569258,0
0.5211382182925954,0.004,1.0,0,16,0.903565166569258,0
0.5211382092616847,0.015,0.0,0,11,0.903565166569258,0
0.5211380901433141,2.497,0.0,0,1,0.903565166569258,0
0.5211380893048415,0.043,0.0,0,6,0.903565166569258,0
0.521138088999818,0.026000000000000002,0.0,0,8,0.903565166569258,0
0.5211380889941667,0.0,1.0,0,26,0.903565166569258,0
0.5211380889886846,0.23399999999999999,0.0,0,2,0.903565166569258,0
0.5211380889884516,0.023,0.0,0,9,0.903565166569258,0
rank_index,time,class,failures,ranking,nfpa,failure_metric
0.5211749173293578,0.001,1.0,0,21,0.8934042896307048,0
0.5211676699084594,0.0,1.0,0,24,0.8934042896307048,0
0.5211666603817761,0.001,1.0,0,23,0.8934042896307048,0
0.5211606368799135,0.001,1.0,0,22,0.8934042896307048,0
0.5211590647031766,0.033,0.0,0,8,0.8934042896307048,0
0.521151537469426,0.001,1.0,0,20,0.8934042896307048,0
0.5211475146083623,0.003,1.0,0,18,0.8934042896307048,0
0.5211473335464617,0.001,1.0,0,19,0.8934042896307048,0
0.5211471184782536,0.0,1.0,0,25,0.8934042896307048,0
0.5211425361746225,0.004,1.0,0,17,0.8934042896307048,0
0.5211419412988567,0.02,0.0,0,12,0.8934042896307048,0
0.521140292906764,0.11800000000000001,0.0,0,3,0.8934042896307048,0
0.5211402674833839,0.08800000000000001,0.0,0,5,0.8934042896307048,0
0.5211399489987879,0.11199999999999999,0.0,0,4,0.8934042896307048,0
0.5211390852139883,0.009000000000000001,0.0,0,14,0.8934042896307048,0
0.521138525956627,0.006999999999999999,0.0,0,15,0.8934042896307048,0
0.5211382598343233,0.022000000000000002,0.0,0,10,0.8934042896307048,0
0.5211382465701676,0.017,0.0,0,13,0.8934042896307048,0
0.5211382178803076,0.005,0.0,0,16,0.8934042896307048,0
0.5211382089852118,0.02,0.0,0,11,0.8934042896307048,0
0.5211380893041122,0.048,0.0,0,6,0.8934042896307048,0
0.5211380892679371,2.53,0.0,0,1,0.8934042896307048,0
0.5211380889997865,0.031,0.0,0,9,0.8934042896307048,0
0.5211380889941444,0.0,1.0,0,26,0.8934042896307048,0
0.5211380889886861,0.33899999999999997,0.0,0,2,0.8934042896307048,0
0.5211380889884516,0.036000000000000004,0.0,0,7,0.8934042896307048,0
rank_index,time,class,failures,ranking,nfpa,failure_metric
0.5211748961575423,0.001,1.0,0,22,0.9043702628608287,0
0.5211676349569194,0.0,1.0,0,25,0.9043702628608287,0
0.5211666391505371,0.002,1.0,0,19,0.9043702628608287,0
0.5211606184485917,0.001,1.0,0,20,0.9043702628608287,0
0.5211590421148184,0.027999999999999997,0.0,0,8,0.9043702628608287,0
0.5211515152596347,0.0,1.0,0,26,0.9043702628608287,0
0.5211474951992401,0.003,1.0,0,18,0.9043702628608287,0
0.5211473141317194,0.001,1.0,0,23,0.9043702628608287,0
0.5211471060800678,0.0,1.0,0,24,0.9043702628608287,0
0.5211425296841294,0.005,0.0,0,16,0.9043702628608287,0
0.5211419277268377,0.013000000000000001,0.0,0,13,0.9043702628608287,0
0.5211402858855346,0.098,0.0,0,4,0.9043702628608287,0
0.521140263704075,0.134,0.0,0,3,0.9043702628608287,0
0.5211399409567903,0.083,0.0,0,5,0.9043702628608287,0
0.5211390835430029,0.011000000000000001,0.0,0,14,0.9043702628608287,0
0.5211385250769953,0.008,0.0,0,15,0.9043702628608287,0
0.5211382595921622,0.022000000000000002,0.0,0,10,0.9043702628608287,0
0.5211382462878347,0.019,0.0,0,11,0.9043702628608287,0
0.5211382176286403,0.004,1.0,0,17,0.9043702628608287,0
0.5211382086678951,0.016,0.0,0,12,0.9043702628608287,0
0.5211380893033485,0.064,0.0,0,6,0.9043702628608287,0
0.5211380892665664,2.57,0.0,0,1,0.9043702628608287,0
0.5211380889997526,0.047,0.0,0,7,0.9043702628608287,0
0.5211380889941368,0.001,1.0,0,21,0.9043702628608287,0
0.5211380889886778,0.314,0.0,0,2,0.9043702628608287,0
0.5211380889884516,0.023,0.0,0,9,0.9043702628608287,0
rank_index,time,class,failures,ranking,nfpa,failure_metric
0.5211667904293361,0.004,1.0,0,9,0.8660098522167488,0
0.5211647034058989,0.0,1.0,0,11,0.8660098522167488,0
0.5211538619598752,0.001,1.0,0,10,0.8660098522167488,0
0.5211516241335934,0.0,1.0,0,12,0.8660098522167488,0
0.5211475786947816,0.006999999999999999,0.0,0,8,0.8660098522167488,0
0.5211419702896181,0.025,0.0,0,5,0.8660098522167488,0
0.5211402767439948,0.091,0.0,0,2,0.8660098522167488,0
0.5211394892632337,0.0,1.0,0,14,0.8660098522167488,0
0.5211382612270331,0.03,0.0,0,4,0.8660098522167488,0
0.5211382189311589,0.006999999999999999,0.0,0,7,0.8660098522167488,0
0.5211381797946416,0.017,0.0,0,6,0.8660098522167488,0
0.5211380893061671,0.062,0.0,0,3,0.8660098522167488,0
0.5211380889941922,0.0,1.0,0,13,0.8660098522167488,0
0.5211380889887426,0.355,0.0,0,1,0.8660098522167488,0
rank_index,time,class,failures,ranking,nfpa,failure_metric
0.5211754134078285,0.001,1.0,0,23,0.9118485869847031,0
0.5211681905395094,0.0,1.0,0,28,0.9118485869847031,0
0.5211676026060272,0.0,1.0,0,25,0.9118485869847031,0
0.5211668144737401,0.002,1.0,0,17,0.9118485869847031,0
0.521164255172802,0.0,1.0,0,24,0.9118485869847031,0
0.5211611402013905,0.0,1.0,0,27,0.9118485869847031,0
0.5211595495598822,0.03,0.0,0,9,0.9118485869847031,0
0.5211535146623754,0.001,1.0,0,21,0.9118485869847031,0
0.5211516397098228,0.001,1.0,0,22,0.9118485869847031,0
0.5211476147143422,0.002,1.0,0,18,0.9118485869847031,0
0.5211475890560873,0.002,1.0,0,19,0.9118485869847031,0
0.5211473953077125,0.001,1.0,0,20,0.9118485869847031,0
0.5211419704656105,0.015,0.0,0,12,0.9118485869847031,0
0.5211402881134831,0.08900000000000001,0.0,0,5,0.9118485869847031,0
0.521140014379714,0.092,0.0,0,4,0.9118485869847031,0
0.5211395011716079,0.127,0.0,0,3,0.9118485869847031,0
0.5211391202224233,0.009000000000000001,0.0,0,15,0.9118485869847031,0
0.5211385416222567,0.01,0.0,0,14,0.9118485869847031,0
0.5211382614253766,0.031,0.0,0,8,0.9118485869847031,0
0.5211382521800029,0.013000000000000001,0.0,0,13,0.9118485869847031,0
0.5211382191320661,0.006999999999999999,0.0,0,16,0.9118485869847031,0
0.5211381799259095,0.025,0.0,0,11,0.9118485869847031,0
0.5211380893066864,0.046,0.0,0,6,0.9118485869847031,0
0.5211380892762424,2.512,0.0,0,1,0.9118485869847031,0
0.521138089000167,0.034,0.0,0,7,0.9118485869847031,0
0.5211380889941322,0.0,1.0,0,26,0.9118485869847031,0
0.5211380889887506,0.34299999999999997,0.0,0,2,0.9118485869847031,0
0.5211380889884515,0.026000000000000002,0.0,0,10,0.9118485869847031,0
rank_index,time,class,failures,ranking,nfpa,failure_metric
0.5211748921793448,0.001,1.0,0,20,0.899144412756028,0
0.5211676359380396,0.0,1.0,0,26,0.899144412756028,0
0.5211666284767852,0.001,1.0,0,18,0.899144412756028,0
0.5211665525527791,0.0,1.0,0,25,0.899144412756028,0
0.5211640701421738,0.0,1.0,0,23,0.899144412756028,0
0.5211606040012818,0.0,1.0,0,28,0.899144412756028,0
0.5211590293792049,0.03,0.0,0,8,0.899144412756028,0
0.5211533705204817,0.001,1.0,0,17,0.899144412756028,0
0.5211515077737234,0.001,1.0,0,21,0.899144412756028,0
0.5211474937645134,0.001,1.0,0,19,0.899144412756028,0
0.5211473083793458,0.001,1.0,0,22,0.899144412756028,0
0.5211470992205076,0.0,1.0,0,24,0.899144412756028,0
0.5211419298770681,0.016,0.0,0,13,0.899144412756028,0
0.5211402624396633,0.094,0.0,0,4,0.899144412756028,0
0.521139943142781,0.08800000000000001,0.0,0,5,0.899144412756028,0
0.5211395114188305,0.10300000000000001,0.0,0,3,0.899144412756028,0
0.5211390827642376,0.01,0.0,0,14,0.899144412756028,0
0.5211385246083754,0.008,0.0,0,15,0.899144412756028,0
0.5211382593391073,0.024,0.0,0,9,0.899144412756028,0
0.5211382462225472,0.022000000000000002,0.0,0,10,0.899144412756028,0
0.5211382175352322,0.006999999999999999,0.0,0,16,0.899144412756028,0
0.5211381787771079,0.02,0.0,0,12,0.899144412756028,0
0.5211380893032233,0.059000000000000004,0.0,0,6,0.899144412756028,0
0.5211380892670309,2.596,0.0,0,1,0.899144412756028,0
0.5211380889997442,0.038,0.0,0,7,0.899144412756028,0
0.5211380889941314,0.0,1.0,0,27,0.899144412756028,0
0.521138088988747,0.369,0.0,0,2,0.899144412756028,0
0.5211380889884515,0.022000000000000002,0.0,0,11,0.899144412756028,0
rank_index,time,class,failures,ranking,nfpa,failure_metric
0.5211748809125997,0.001,1.0,0,19,0.8913078535720044,0
0.5211676291562577,0.0,1.0,0,21,0.8913078535720044,0
0.5211666277933884,0.001,1.0,0,18,0.8913078535720044,0
0.5211606106118989,0.0,1.0,0,23,0.8913078535720044,0
0.5211590371023275,0.031,0.0,0,8,0.8913078535720044,0
0.5211515083808089,0.0,1.0,0,24,0.8913078535720044,0
0.5211474892291571,0.0,1.0,0,26,0.8913078535720044,0
0.5211473116185813,0.001,1.0,0,20,0.8913078535720044,0
0.5211470996417938,0.0,1.0,0,22,0.8913078535720044,0
0.5211428127118315,0.003,1.0,0,17,0.8913078535720044,0
0.5211419289832184,0.011000000000000001,0.0,0,14,0.8913078535720044,0
0.5211402620717781,0.11599999999999999,0.0,0,3,0.8913078535720044,0
0.5211399436892195,0.094,0.0,0,5,0.8913078535720044,0
0.5211395152458648,0.114,0.0,0,4,0.8913078535720044,0
0.5211390828459459,0.013000000000000001,0.0,0,13,0.8913078535720044,0
0.5211385247385278,0.006999999999999999,0.0,0,15,0.8913078535720044,0
0.52113825944214,0.021,0.0,0,10,0.8913078535720044,0
0.5211382460457648,0.018000000000000002,0.0,0,12,0.8913078535720044,0
0.5211382174784075,0.004,1.0,0,16,0.8913078535720044,0
0.5211381787907866,0.018000000000000002,0.0,0,11,0.8913078535720044,0
0.5211380893028402,0.057,0.0,0,6,0.8913078535720044,0
0.5211380892648164,2.511,0.0,0,1,0.8913078535720044,0
0.5211380889997399,0.055,0.0,0,7,0.8913078535720044,0
0.5211380889941293,0.0,1.0,0,25,0.8913078535720044,0
0.5211380889887465,0.331,0.0,0,2,0.8913078535720044,0
0.5211380889884516,0.022000000000000002,0.0,0,9,0.8913078535720044,0
rank_index,time,class,failures,ranking,nfpa,failure_metric
0.5211666181685941,0.004,1.0,0,9,0.8689655172413789,0
0.5211642758002144,0.0,1.0,0,12,0.8689655172413789,0
0.5211515058149812,0.0,1.0,0,13,0.8689655172413789,0
0.5211501329669735,0.002,1.0,0,10,0.8689655172413789,0
0.5211474922566625,0.006,0.0,0,7,0.8689655172413789,0
0.5211419274321197,0.023,0.0,0,5,0.8689655172413789,0
0.5211402564814549,0.07400000000000001,0.0,0,2,0.8689655172413789,0
0.5211394100034263,0.002,1.0,0,11,0.8689655172413789,0
0.5211382593116961,0.031,0.0,0,4,0.8689655172413789,0
0.5211382175060886,0.004,1.0,0,8,0.8689655172413789,0
0.5211381787639899,0.017,0.0,0,6,0.8689655172413789,0
0.5211380893027852,0.052000000000000005,0.0,0,3,0.8689655172413789,0
0.5211380889941296,0.0,1.0,0,14,0.8689655172413789,0
0.5211380889887473,0.374,0.0,0,1,0.8689655172413789,0
rank_index,time,class,failures,ranking,nfpa,failure_metric
0.5211665961368379,0.002,1.0,0,10,0.9004926108374383,0
0.5211640352860052,0.0,1.0,0,14,0.9004926108374383,0
0.5211514888726873,0.001,1.0,0,11,0.9004926108374383,0
0.5211499778291641,0.001,1.0,0,12,0.9004926108374383,0
0.5211474726892437,0.004,1.0,0,8,0.9004926108374383,0
0.5211419192411971,0.016,0.0,0,6,0.9004926108374383,0
0.5211402606350273,0.096,0.0,0,2,0.9004926108374383,0
0.5211393365162825,0.004,1.0,0,9,0.9004926108374383,0
0.5211382589152889,0.035,0.0,0,4,0.9004926108374383,0
0.5211382173070563,0.009000000000000001,0.0,0,7,0.9004926108374383,0
0.5211381786233013,0.024,0.0,0,5,0.9004926108374383,0
0.5211380893023576,0.064,0.0,0,3,0.9004926108374383,0
0.5211380889941188,0.0,1.0,0,13,0.9004926108374383,0
0.5211380889887456,0.32899999999999996,0.0,0,1,0.9004926108374383,0
rank_index,time,class,failures,ranking,nfpa,failure_metric
0.5211771491635161,0.0,1.0,0,23,0.9090909090909093,0
0.5211753387311348,0.0,1.0,0,31,0.9090909090909093,0
0.5211732910383289,0.0,1.0,0,24,0.9090909090909093,0
0.5211681060840958,0.001,1.0,0,20,0.9090909090909093,0
0.521167344564804,0.0,1.0,0,27,0.9090909090909093,0
0.5211672508614053,0.0,1.0,0,29,0.9090909090909093,0
0.5211667092859507,0.001,1.0,0,19,0.9090909090909093,0
0.521164154054811,0.0,1.0,0,25,0.9090909090909093,0
0.5211610616148072,0.0,1.0,0,30,0.9090909090909093,0
0.521159464078102,0.032,0.0,0,8,0.9090909090909093,0
0.5211515649362288,0.001,1.0,0,21,0.9090909090909093,0
0.5211500534862704,0.0,1.0,0,28,0.9090909090909093,0
0.5211475658463861,0.001,1.0,0,22,0.9090909090909093,0
0.5211475321540426,0.002,1.0,0,18,0.9090909090909093,0
0.521147346026323,0.0,1.0,0,32,0.9090909090909093,0
0.5211430289218261,0.0,1.0,0,26,0.9090909090909093,0
0.5211426617109834,0.003,1.0,0,17,0.9090909090909093,0
0.5211419465201781,0.012,0.0,0,13,0.9090909090909093,0
0.5211402720525431,0.10300000000000001,0.0,0,3,0.9090909090909093,0
0.5211400018403983,0.085,0.0,0,5,0.9090909090909093,0
0.5211395586455467,0.098,0.0,0,4,0.9090909090909093,0
0.5211391143308541,0.009000000000000001,0.0,0,15,0.9090909090909093,0
0.5211385389752219,0.01,0.0,0,14,0.9090909090909093,0
0.521138260182161,0.017,0.0,0,10,0.9090909090909093,0
0.5211382513052916,0.013999999999999999,0.0,0,12,0.9090909090909093,0
0.5211382181481596,0.003,1.0,0,16,0.9090909090909093,0
0.5211381792488634,0.015,0.0,0,11,0.9090909090909093,0
0.5211380893043219,0.05,0.0,0,6,0.9090909090909093,0
0.5211380892759994,2.568,0.0,0,1,0.9090909090909093,0
0.5211380890000925,0.028999999999999998,0.0,0,9,0.9090909090909093,0
0.5211380889941617,0.0,1.0,0,33,0.9090909090909093,0
0.5211380889887491,0.305,0.0,0,2,0.9090909090909093,0
0.5211380889884516,0.036000000000000004,0.0,0,7,0.9090909090909093,0
rank_index,time,class,failures,ranking,nfpa,failure_metric
0.5211747897153379,0.0,1.0,0,25,0.9131614654002715,0
0.5211732215491326,0.001,1.0,0,21,0.9131614654002715,0
0.5211707672049186,0.0,1.0,0,28,0.9131614654002715,0
0.5211678052982597,0.0,1.0,0,32,0.9131614654002715,0
0.5211668061233838,0.002,1.0,0,19,0.9131614654002715,0
0.5211667356345098,0.0,1.0,0,27,0.9131614654002715,0
0.5211648052618731,0.0,1.0,0,29,0.9131614654002715,0
0.5211642500251644,0.0,1.0,0,26,0.9131614654002715,0
0.5211607765628943,0.001,1.0,0,23,0.9131614654002715,0
0.5211592022946583,0.033,0.0,0,8,0.9131614654002715,0
0.5211516345272396,0.0,1.0,0,31,0.9131614654002715,0
0.5211501181616922,0.001,1.0,0,20,0.9131614654002715,0
0.5211475915212186,0.001,1.0,0,22,0.9131614654002715,0
0.5211474075354207,0.001,1.0,0,24,0.9131614654002715,0
0.5211471956106287,0.0,1.0,0,30,0.9131614654002715,0
0.5211425784514169,0.003,1.0,0,17,0.9131614654002715,0
0.5211423074985451,0.002,1.0,0,18,0.9131614654002715,0
0.5211419744394241,0.012,0.0,0,13,0.9131614654002715,0
0.5211402855606059,0.08800000000000001,0.0,0,4,0.9131614654002715,0
0.5211399665458823,0.08199999999999999,0.0,0,5,0.9131614654002715,0
0.5211395321938356,0.099,0.0,0,3,0.9131614654002715,0
0.5211390948184876,0.006999999999999999,0.0,0,14,0.9131614654002715,0
0.5211385299851952,0.006,0.0,0,15,0.9131614654002715,0
0.5211382615884911,0.018000000000000002,0.0,0,10,0.9131614654002715,0
0.5211382481211407,0.012,0.0,0,12,0.9131614654002715,0
0.52113821918463,0.004,1.0,0,16,0.9131614654002715,0
0.5211381799483367,0.013999999999999999,0.0,0,11,0.9131614654002715,0
0.5211380893070514,0.054000000000000006,0.0,0,7,0.9131614654002715,0
0.521138089268968,2.5860000000000003,0.0,0,1,0.9131614654002715,0
0.5211380889998942,0.057,0.0,0,6,0.9131614654002715,0
0.5211380889942011,0.0,1.0,0,33,0.9131614654002715,0
0.5211380889887518,0.319,0.0,0,2,0.9131614654002715,0
0.5211380889884516,0.022000000000000002,0.0,0,9,0.9131614654002715,0
rank_index,time,class,failures,ranking,nfpa,failure_metric
0.5211749668296676,0.0,1.0,0,24,0.9151568361401548,0
0.5211737842749921,0.0,1.0,0,32,0.9151568361401548,0
0.521170954163182,0.0,1.0,0,27,0.9151568361401548,0
0.521167998974339,0.0,1.0,0,31,0.9151568361401548,0
0.521167000416287,0.001,1.0,0,19,0.9151568361401548,0
0.5211669217001595,0.0,1.0,0,26,0.9151568361401548,0
0.5211649903713026,0.0,1.0,0,28,0.9151568361401548,0
0.5211644346434555,0.0,1.0,0,23,0.9151568361401548,0
0.5211609551766102,0.001,1.0,0,20,0.9151568361401548,0
0.521159361133847,0.04,0.0,0,7,0.9151568361401548,0
0.5211517695123901,0.001,1.0,0,21,0.9151568361401548,0
0.5211502381074604,0.0,1.0,0,25,0.9151568361401548,0
0.5211476904503384,0.0,1.0,0,30,0.9151568361401548,0
0.5211475065242778,0.001,1.0,0,22,0.9151568361401548,0
0.5211472918707709,0.0,1.0,0,29,0.9151568361401548,0
0.5211426301252254,0.003,1.0,0,17,0.9151568361401548,0
0.5211423565637529,0.002,1.0,0,18,0.9151568361401548,0
0.5211420195314188,0.013000000000000001,0.0,0,13,0.9151568361401548,0
0.5211403159369782,0.08800000000000001,0.0,0,4,0.9151568361401548,0
0.5211399898113014,0.085,0.0,0,5,0.9151568361401548,0
0.5211395501491513,0.1,0.0,0,3,0.9151568361401548,0
0.521139107072828,0.008,0.0,0,16,0.9151568361401548,0
0.5211385354812786,0.01,0.0,0,14,0.9151568361401548,0
0.5211382638174057,0.022000000000000002,0.0,0,10,0.9151568361401548,0
0.5211382501122555,0.015,0.0,0,12,0.9151568361401548,0
0.5211382207303702,0.008,0.0,0,15,0.9151568361401548,0
0.5211381810778781,0.021,0.0,0,11,0.9151568361401548,0
0.5211380893109366,0.044000000000000004,0.0,0,6,0.9151568361401548,0
0.5211380891978621,2.718,0.0,0,1,0.9151568361401548,0
0.5211380890000044,0.03,0.0,0,9,0.9151568361401548,0
0.5211380889942735,0.0,1.0,0,33,0.9151568361401548,0
0.5211380889887551,0.28800000000000003,0.0,0,2,0.9151568361401548,0
0.5211380889884516,0.035,0.0,0,8,0.9151568361401548,0
rank_index,time,class,failures,ranking,nfpa,failure_metric
0.5211734444081165,0.0,1.0,0,24,0.8880825673278502,0
0.5211676380612368,0.001,1.0,0,19,0.8880825673278502,0
0.5211666328643966,0.003,1.0,0,17,0.8880825673278502,0
0.5211606133260817,0.001,1.0,0,21,0.8880825673278502,0
0.5211590262576175,0.042,0.0,0,8,0.8880825673278502,0
0.5211515149920515,0.001,1.0,0,22,0.8880825673278502,0
0.521147498758495,0.001,1.0,0,20,0.8880825673278502,0
0.5211473157096149,0.001,1.0,0,23,0.8880825673278502,0
0.5211471003936547,0.0,1.0,0,25,0.8880825673278502,0
0.5211425298494533,0.002,1.0,0,18,0.8880825673278502,0
0.5211419331872515,0.012,0.0,0,13,0.8880825673278502,0
0.5211402636894031,0.095,0.0,0,4,0.8880825673278502,0
0.5211399445399701,0.08,0.0,0,5,0.8880825673278502,0
0.5211395162518327,0.099,0.0,0,3,0.8880825673278502,0
0.5211390835248743,0.009000000000000001,0.0,0,15,0.8880825673278502,0
0.5211385249077146,0.01,0.0,0,14,0.8880825673278502,0
0.521138259504722,0.021,0.0,0,10,0.8880825673278502,0
0.5211382462239202,0.015,0.0,0,12,0.8880825673278502,0
0.5211382175989987,0.005,0.0,0,16,0.8880825673278502,0
0.5211381788414294,0.019,0.0,0,11,0.8880825673278502,0
0.5211380893033807,0.048,0.0,0,7,0.8880825673278502,0
0.5211380891970379,2.548,0.0,0,1,0.8880825673278502,0
0.5211380889997511,0.057999999999999996,0.0,0,6,0.8880825673278502,0
0.5211380889941344,0.0,1.0,0,26,0.8880825673278502,0
0.5211380889887488,0.369,0.0,0,2,0.8880825673278502,0
0.5211380889884516,0.037000000000000005,0.0,0,9,0.8880825673278502,0
rank_index,time,class,failures,ranking,nfpa,failure_metric
0.5211734489300222,0.0,1.0,0,24,0.9045315271730366,0
0.5211676362785107,0.0,1.0,0,25,0.9045315271730366,0
0.5211666472358153,0.001,1.0,0,19,0.9045315271730366,0
0.5211606163271788,0.0,1.0,0,26,0.9045315271730366,0
0.5211590293813939,0.028999999999999998,0.0,0,8,0.9045315271730366,0
0.5211515181622227,0.001,1.0,0,21,0.9045315271730366,0
0.5211474990739967,0.002,1.0,0,18,0.9045315271730366,0
0.5211473210557318,0.001,1.0,0,20,0.9045315271730366,0
0.5211471090399511,0.0,1.0,0,22,0.9045315271730366,0
0.5211419333187544,0.013000000000000001,0.0,0,13,0.9045315271730366,0
0.5211411040034964,0.004,1.0,0,17,0.9045315271730366,0
0.5211402631118249,0.094,0.0,0,4,0.9045315271730366,0
0.5211399469766328,0.079,0.0,0,5,0.9045315271730366,0
0.5211395166618643,0.098,0.0,0,3,0.9045315271730366,0
0.5211390836977389,0.012,0.0,0,14,0.9045315271730366,0
0.5211385252127241,0.006999999999999999,0.0,0,16,0.9045315271730366,0
0.5211382595539643,0.027999999999999997,0.0,0,9,0.9045315271730366,0
0.5211382463858033,0.013000000000000001,0.0,0,12,0.9045315271730366,0
0.5211382176699516,0.008,0.0,0,15,0.9045315271730366,0
0.521138178880567,0.027000000000000003,0.0,0,11,0.9045315271730366,0
0.5211380893034752,0.064,0.0,0,6,0.9045315271730366,0
0.5211380892002876,2.583,0.0,0,1,0.9045315271730366,0
0.5211380889997314,0.034,0.0,0,7,0.9045315271730366,0
0.5211380889941389,0.0,1.0,0,23,0.9045315271730366,0
0.5211380889887467,0.321,0.0,0,2,0.9045315271730366,0
0.5211380889884516,0.027000000000000003,0.0,0,10,0.9045315271730366,0
rank_index,time,class,failures,ranking,nfpa,failure_metric
0.5211676215317123,0.0,1.0,0,26,0.8620490620490623,1.0
0.5211670043635342,0.0,1.0,0,22,0.8620490620490623,1.0
0.5211666235491873,0.001,1.0,0,16,0.8620490620490623,1.0
0.5211645142197421,0.0,1.0,0,23,0.8620490620490623,1.0
0.5211606044399846,0.0,1.0,0,24,0.8620490620490623,1.0
0.5211590266841593,0.025,0.0,0,8,0.8620490620490623,1.0
0.5211537174785797,0.0,1.0,0,21,0.8620490620490623,1.0
0.5211515032332364,0.001,1.0,0,19,0.8620490620490623,1.0
0.521147488321588,0.001,1.0,0,18,0.8620490620490623,1.0
0.5211473069190895,0.001,1.0,0,17,0.8620490620490623,1.0
0.5211470973172383,0.0,1.0,0,20,0.8620490620490623,1.0
0.521141928592284,0.013999999999999999,0.0,0,10,0.8620490620490623,1.0
0.521140260162328,0.08199999999999999,0.0,0,5,0.8620490620490623,1.0
0.5211399446105908,0.084,0.0,0,4,0.8620490620490623,1.0
0.5211395143125536,0.099,0.0,0,3,0.8620490620490623,1.0
0.5211390824866683,0.006,0.0,0,14,0.8620490620490623,1.0
0.521138524439594,0.006999999999999999,0.0,0,13,0.8620490620490623,1.0
0.521138259304951,0.022000000000000002,0.0,0,9,0.8620490620490623,1.0
0.5211382461248336,0.008,0.0,0,12,0.8620490620490623,1.0
0.5211382174626483,0.004,1.0,0,15,0.8620490620490623,1.0
0.5211381787172434,0.013999999999999999,0.0,0,11,0.8620490620490623,1.0
0.5211380893025047,0.04,0.0,0,6,0.8620490620490623,1.0
0.5211380892651214,2.5839999999999996,0.0,0,1,0.8620490620490623,1.0
0.5211380889997421,0.03,0.0,0,7,0.8620490620490623,1.0
0.5211380889941282,0.0,1.0,0,25,0.8620490620490623,1.0
0.5211380889887476,0.317,0.0,0,2,0.8620490620490623,1.0
0.5211380889884515,0.025,2.0,1,27,0.8620490620490623,1.0
