rank_index,time,class,failures,ranking,nfpa,DDP
0.280400799338563,0.287,1,0,11,0.7076278019674247,0
0.1607085143039403,0.0,1,0,26,0.7076278019674247,0
0.08891232851496167,5.601,0,0,5,0.7076278019674247,0
0.08891232851496167,5.412000000000001,0,0,6,0.7076278019674247,0
0.08891232851496167,1.291,0,0,9,0.7076278019674247,0
0.08891232851496167,0.7090000000000001,0,0,10,0.7076278019674247,0
0.08891232851496167,76.79899999999999,0,0,1,0.7076278019674247,0
0.08891232851496167,0.022000000000000002,1,0,20,0.7076278019674247,0
0.0,0.042,1,0,19,0.7076278019674247,0
0.0,0.009000000000000001,1,0,22,0.7076278019674247,0
0.0,60.946999999999996,0,0,2,0.7076278019674247,0
0.0,44.726000000000006,0,0,3,0.7076278019674247,0
0.0,12.392000000000001,0,0,4,0.7076278019674247,0
0.0,0.001,1,0,24,0.7076278019674247,0
0.0,0.001,1,0,23,0.7076278019674247,0
0.0,1.663,0,0,7,0.7076278019674247,0
0.0,1.6280000000000001,0,0,8,0.7076278019674247,0
0.0,0.016,1,0,21,0.7076278019674247,0
0.0,0.047,1,0,18,0.7076278019674247,0
0.0,0.228,1,0,12,0.7076278019674247,0
0.0,0.0,1,0,25,0.7076278019674247,0
0.0,0.18,1,0,14,0.7076278019674247,0
0.0,0.146,1,0,15,0.7076278019674247,0
0.0,0.125,1,0,16,0.7076278019674247,0
0.0,0.061,1,0,17,0.7076278019674247,0
0.0,0.18100000000000002,1,0,13,0.7076278019674247,0
rank_index,time,class,failures,ranking,nfpa,DDP
0.280400799338563,0.311,1,0,10,0.7396761133603237,0
0.08891232851496167,0.022000000000000002,1,0,18,0.7396761133603237,0
0.08891232851496167,5.957000000000001,0,0,4,0.7396761133603237,0
0.08891232851496167,5.316,0,0,5,0.7396761133603237,0
0.08891232851496167,1.3019999999999998,0,0,8,0.7396761133603237,0
0.08891232851496167,0.71,0,0,9,0.7396761133603237,0
0.08891232851496167,77.12899999999999,0,0,1,0.7396761133603237,0
0.0,0.171,1,0,12,0.7396761133603237,0
0.0,0.203,1,0,11,0.7396761133603237,0
0.0,0.159,1,0,13,0.7396761133603237,0
0.0,0.13699999999999998,1,0,14,0.7396761133603237,0
0.0,0.06,1,0,15,0.7396761133603237,0
0.0,1.7,0,0,7,0.7396761133603237,0
0.0,1.796,0,0,6,0.7396761133603237,0
0.0,0.045,1,0,16,0.7396761133603237,0
0.0,0.044000000000000004,1,0,17,0.7396761133603237,0
0.0,12.876,0,0,3,0.7396761133603237,0
0.0,47.592,0,0,2,0.7396761133603237,0
0.0,0.01,1,0,19,0.7396761133603237,0
rank_index,time,class,failures,ranking,nfpa,DDP
0.280400799338563,0.265,1,0,13,0.6271813855103122,0
0.1607085143039403,0.002,1,0,26,0.6271813855103122,0
0.08891232851496167,77.256,0,0,1,0.6271813855103122,0
0.08891232851496167,5.564,0,0,5,0.6271813855103122,0
0.08891232851496167,5.316,0,0,6,0.6271813855103122,0
0.08891232851496167,0.02,1,0,22,0.6271813855103122,0
0.08891232851496167,1.3130000000000002,0,0,10,0.6271813855103122,0
0.08891232851496167,0.7090000000000001,0,0,12,0.6271813855103122,0
0.0,0.213,1,0,14,0.6271813855103122,0
0.0,61.106,0,0,2,0.6271813855103122,0
0.0,45.349,0,0,3,0.6271813855103122,0
0.0,12.626,0,0,4,0.6271813855103122,0
0.0,5.085,0,0,7,0.6271813855103122,0
0.0,1.729,0,0,8,0.6271813855103122,0
0.0,1.632,0,0,9,0.6271813855103122,0
0.0,0.778,0,0,11,0.6271813855103122,0
0.0,0.0,1,0,30,0.6271813855103122,0
0.0,0.0,1,0,29,0.6271813855103122,0
0.0,0.14400000000000002,1,0,16,0.6271813855103122,0
0.0,0.121,1,0,17,0.6271813855103122,0
0.0,0.06,1,0,18,0.6271813855103122,0
0.0,0.046,1,0,19,0.6271813855103122,0
0.0,0.043,1,0,20,0.6271813855103122,0
0.0,0.021,1,0,21,0.6271813855103122,0
0.0,0.016,1,0,23,0.6271813855103122,0
0.0,0.013999999999999999,1,0,24,0.6271813855103122,0
0.0,0.009000000000000001,1,0,25,0.6271813855103122,0
0.0,0.001,1,0,27,0.6271813855103122,0
0.0,0.001,1,0,28,0.6271813855103122,0
0.0,0.175,1,0,15,0.6271813855103122,0
rank_index,time,class,failures,ranking,nfpa,DDP
0.280400799338563,0.326,1,0,10,0.6418000604047117,0
0.08891232851496167,77.104,0,0,1,0.6418000604047117,0
0.08891232851496167,0.023,1,0,19,0.6418000604047117,0
0.08891232851496167,6.0089999999999995,0,0,4,0.6418000604047117,0
0.08891232851496167,5.416,0,0,5,0.6418000604047117,0
0.08891232851496167,1.3090000000000002,0,0,8,0.6418000604047117,0
0.08891232851496167,0.71,0,0,9,0.6418000604047117,0
0.0,47.724,0,0,2,0.6418000604047117,0
0.0,12.981,0,0,3,0.6418000604047117,0
0.0,1.7530000000000001,0,0,6,0.6418000604047117,0
0.0,1.71,0,0,7,0.6418000604047117,0
0.0,0.001,1,0,21,0.6418000604047117,0
0.0,0.013000000000000001,1,0,20,0.6418000604047117,0
0.0,0.18600000000000003,1,0,12,0.6418000604047117,0
0.0,0.145,1,0,13,0.6418000604047117,0
0.0,0.125,1,0,14,0.6418000604047117,0
0.0,0.08800000000000001,1,0,15,0.6418000604047117,0
0.0,0.057999999999999996,1,0,16,0.6418000604047117,0
0.0,0.049,1,0,17,0.6418000604047117,0
0.0,0.043,1,0,18,0.6418000604047117,0
0.0,0.209,1,0,11,0.6418000604047117,0
rank_index,time,class,failures,ranking,nfpa,DDP
0.280400799338563,0.27,1,0,10,0.7396761133603237,0
0.08891232851496167,0.021,1,0,18,0.7396761133603237,0
0.08891232851496167,5.982,0,0,4,0.7396761133603237,0
0.08891232851496167,5.416,0,0,5,0.7396761133603237,0
0.08891232851496167,1.3019999999999998,0,0,8,0.7396761133603237,0
0.08891232851496167,0.71,0,0,9,0.7396761133603237,0
0.08891232851496167,80.468,0,0,1,0.7396761133603237,0
0.0,0.19,1,0,12,0.7396761133603237,0
0.0,0.23800000000000002,1,0,11,0.7396761133603237,0
0.0,0.163,1,0,13,0.7396761133603237,0
0.0,0.158,1,0,14,0.7396761133603237,0
0.0,0.059000000000000004,1,0,15,0.7396761133603237,0
0.0,1.6769999999999998,0,0,7,0.7396761133603237,0
0.0,1.804,0,0,6,0.7396761133603237,0
0.0,0.045,1,0,16,0.7396761133603237,0
0.0,0.042,1,0,17,0.7396761133603237,0
0.0,13.099,0,0,3,0.7396761133603237,0
0.0,47.775,0,0,2,0.7396761133603237,0
0.0,0.008,1,0,19,0.7396761133603237,0
rank_index,time,class,failures,ranking,nfpa,DDP
0.280400799338563,0.265,1,0,10,0.7396761133603237,0
0.08891232851496167,0.023,1,0,18,0.7396761133603237,0
0.08891232851496167,5.952999999999999,0,0,4,0.7396761133603237,0
0.08891232851496167,5.309,0,0,5,0.7396761133603237,0
0.08891232851496167,1.304,0,0,8,0.7396761133603237,0
0.08891232851496167,0.7090000000000001,0,0,9,0.7396761133603237,0
0.08891232851496167,77.23100000000001,0,0,1,0.7396761133603237,0
0.0,0.18600000000000003,1,0,12,0.7396761133603237,0
0.0,0.24,1,0,11,0.7396761133603237,0
0.0,0.14400000000000002,1,0,13,0.7396761133603237,0
0.0,0.134,1,0,14,0.7396761133603237,0
0.0,0.065,1,0,15,0.7396761133603237,0
0.0,1.619,0,0,7,0.7396761133603237,0
0.0,1.7819999999999998,0,0,6,0.7396761133603237,0
0.0,0.049,1,0,16,0.7396761133603237,0
0.0,0.045,1,0,17,0.7396761133603237,0
0.0,11.847000000000001,0,0,3,0.7396761133603237,0
0.0,42.445,0,0,2,0.7396761133603237,0
0.0,0.008,1,0,19,0.7396761133603237,0
rank_index,time,class,failures,ranking,nfpa,DDP
0.280400799338563,0.33299999999999996,1,0,10,0.7396761133603237,0
0.08891232851496167,0.021,1,0,18,0.7396761133603237,0
0.08891232851496167,6.005,0,0,4,0.7396761133603237,0
0.08891232851496167,5.392,0,0,5,0.7396761133603237,0
0.08891232851496167,1.345,0,0,8,0.7396761133603237,0
0.08891232851496167,0.7090000000000001,0,0,9,0.7396761133603237,0
0.08891232851496167,76.992,0,0,1,0.7396761133603237,0
0.0,0.185,1,0,12,0.7396761133603237,0
0.0,0.222,1,0,11,0.7396761133603237,0
0.0,0.152,1,0,13,0.7396761133603237,0
0.0,0.131,1,0,14,0.7396761133603237,0
0.0,0.061,1,0,15,0.7396761133603237,0
0.0,1.645,0,0,7,0.7396761133603237,0
0.0,1.758,0,0,6,0.7396761133603237,0
0.0,0.044000000000000004,1,0,16,0.7396761133603237,0
0.0,0.044000000000000004,1,0,17,0.7396761133603237,0
0.0,11.665,0,0,3,0.7396761133603237,0
0.0,42.413000000000004,0,0,2,0.7396761133603237,0
0.0,0.01,1,0,19,0.7396761133603237,0
rank_index,time,class,failures,ranking,nfpa,DDP
0.280400799338563,0.327,1,0,10,0.7396761133603237,0
0.08891232851496167,0.026000000000000002,1,0,18,0.7396761133603237,0
0.08891232851496167,6.021,0,0,4,0.7396761133603237,0
0.08891232851496167,5.32,0,0,5,0.7396761133603237,0
0.08891232851496167,1.3430000000000002,0,0,8,0.7396761133603237,0
0.08891232851496167,0.71,0,0,9,0.7396761133603237,0
0.08891232851496167,77.236,0,0,1,0.7396761133603237,0
0.0,0.171,1,0,12,0.7396761133603237,0
0.0,0.21100000000000002,1,0,11,0.7396761133603237,0
0.0,0.14400000000000002,1,0,13,0.7396761133603237,0
0.0,0.129,1,0,14,0.7396761133603237,0
0.0,0.063,1,0,15,0.7396761133603237,0
0.0,1.751,0,0,7,0.7396761133603237,0
0.0,1.788,0,0,6,0.7396761133603237,0
0.0,0.049,1,0,16,0.7396761133603237,0
0.0,0.042,1,0,17,0.7396761133603237,0
0.0,11.806,0,0,3,0.7396761133603237,0
0.0,42.528999999999996,0,0,2,0.7396761133603237,0
0.0,0.009000000000000001,1,0,19,0.7396761133603237,0
rank_index,time,class,failures,ranking,nfpa,DDP
0.280400799338563,0.27399999999999997,1,0,11,0.6953717142396386,0
0.1607085143039403,0.003,1,0,23,0.6953717142396386,0
0.08891232851496167,76.705,0,0,2,0.6953717142396386,0
0.08891232851496167,0.02,1,0,20,0.6953717142396386,0
0.08891232851496167,5.563,0,0,5,0.6953717142396386,0
0.08891232851496167,5.409,0,0,6,0.6953717142396386,0
0.08891232851496167,1.2830000000000001,0,0,9,0.6953717142396386,0
0.08891232851496167,0.7090000000000001,0,0,10,0.6953717142396386,0
0.0,0.0,1,0,26,0.6953717142396386,0
0.0,0.17800000000000002,1,0,12,0.6953717142396386,0
0.0,39.677,0,0,3,0.6953717142396386,0
0.0,11.493,0,0,4,0.6953717142396386,0
0.0,1.705,0,0,7,0.6953717142396386,0
0.0,1.703,0,0,8,0.6953717142396386,0
0.0,0.162,1,0,13,0.6953717142396386,0
0.0,0.0,1,0,25,0.6953717142396386,0
0.0,0.154,1,0,14,0.6953717142396386,0
0.0,0.127,1,0,15,0.6953717142396386,0
0.0,0.065,1,0,16,0.6953717142396386,0
0.0,0.047,1,0,17,0.6953717142396386,0
0.0,0.044000000000000004,1,0,18,0.6953717142396386,0
0.0,0.022000000000000002,1,0,19,0.6953717142396386,0
0.0,0.017,1,0,21,0.6953717142396386,0
0.0,0.013999999999999999,1,0,22,0.6953717142396386,0
0.0,0.001,1,0,24,0.6953717142396386,0
0.0,159.048,0,0,1,0.6953717142396386,0
rank_index,time,class,failures,ranking,nfpa,DDP
0.280400799338563,0.28800000000000003,1,0,10,0.6418000604047117,0
0.08891232851496167,76.836,0,0,1,0.6418000604047117,0
0.08891232851496167,0.022000000000000002,1,0,19,0.6418000604047117,0
0.08891232851496167,6.001,0,0,4,0.6418000604047117,0
0.08891232851496167,5.308,0,0,5,0.6418000604047117,0
0.08891232851496167,1.288,0,0,8,0.6418000604047117,0
0.08891232851496167,0.708,0,0,9,0.6418000604047117,0
0.0,42.501999999999995,0,0,2,0.6418000604047117,0
0.0,12.015,0,0,3,0.6418000604047117,0
0.0,1.7519999999999998,0,0,6,0.6418000604047117,0
0.0,1.645,0,0,7,0.6418000604047117,0
0.0,0.002,1,0,21,0.6418000604047117,0
0.0,0.009000000000000001,1,0,20,0.6418000604047117,0
0.0,0.182,1,0,12,0.6418000604047117,0
0.0,0.142,1,0,13,0.6418000604047117,0
0.0,0.139,1,0,14,0.6418000604047117,0
0.0,0.08800000000000001,1,0,15,0.6418000604047117,0
0.0,0.057999999999999996,1,0,16,0.6418000604047117,0
0.0,0.044000000000000004,1,0,17,0.6418000604047117,0
0.0,0.044000000000000004,1,0,18,0.6418000604047117,0
0.0,0.233,1,0,11,0.6418000604047117,0
rank_index,time,class,failures,ranking,nfpa,DDP
0.280400799338563,0.306,1,0,10,0.7396761133603237,0
0.08891232851496167,0.021,1,0,18,0.7396761133603237,0
0.08891232851496167,6.018,0,0,4,0.7396761133603237,0
0.08891232851496167,5.407,0,0,5,0.7396761133603237,0
0.08891232851496167,1.34,0,0,8,0.7396761133603237,0
0.08891232851496167,0.708,0,0,9,0.7396761133603237,0
0.08891232851496167,77.289,0,0,1,0.7396761133603237,0
0.0,0.184,1,0,12,0.7396761133603237,0
0.0,0.207,1,0,11,0.7396761133603237,0
0.0,0.15,1,0,13,0.7396761133603237,0
0.0,0.125,1,0,14,0.7396761133603237,0
0.0,0.057999999999999996,1,0,15,0.7396761133603237,0
0.0,1.662,0,0,7,0.7396761133603237,0
0.0,1.765,0,0,6,0.7396761133603237,0
0.0,0.05,1,0,16,0.7396761133603237,0
0.0,0.042,1,0,17,0.7396761133603237,0
0.0,11.978,0,0,3,0.7396761133603237,0
0.0,42.294,0,0,2,0.7396761133603237,0
0.0,0.009000000000000001,1,0,19,0.7396761133603237,0
rank_index,time,class,failures,ranking,nfpa,DDP
0.280400799338563,0.29,1,0,11,0.6799259944495836,0
0.08891232851496167,75.65,0,0,2,0.6799259944495836,0
0.08891232851496167,0.021,1,0,19,0.6799259944495836,0
0.08891232851496167,5.561,0,0,5,0.6799259944495836,0
0.08891232851496167,4.678,0,0,6,0.6799259944495836,0
0.08891232851496167,1.31,0,0,9,0.6799259944495836,0
0.08891232851496167,0.711,0,0,10,0.6799259944495836,0
0.0,0.0,1,0,23,0.6799259944495836,0
0.0,40.143,0,0,3,0.6799259944495836,0
0.0,11.556,0,0,4,0.6799259944495836,0
0.0,1.7409999999999999,0,0,7,0.6799259944495836,0
0.0,1.6880000000000002,0,0,8,0.6799259944495836,0
0.0,0.215,1,0,12,0.6799259944495836,0
0.0,0.001,1,0,22,0.6799259944495836,0
0.0,0.174,1,0,13,0.6799259944495836,0
0.0,0.14300000000000002,1,0,14,0.6799259944495836,0
0.0,0.12300000000000001,1,0,15,0.6799259944495836,0
0.0,0.055999999999999994,1,0,16,0.6799259944495836,0
0.0,0.049,1,0,17,0.6799259944495836,0
0.0,0.040999999999999995,1,0,18,0.6799259944495836,0
0.0,0.018000000000000002,1,0,20,0.6799259944495836,0
0.0,0.01,1,0,21,0.6799259944495836,0
0.0,159.084,0,0,1,0.6799259944495836,0
rank_index,time,class,failures,ranking,nfpa,DDP
0.280400799338563,0.28800000000000003,1,0,11,0.6840888066604994,0
0.08891232851496167,76.922,0,0,2,0.6840888066604994,0
0.08891232851496167,0.022000000000000002,1,0,20,0.6840888066604994,0
0.08891232851496167,5.57,0,0,5,0.6840888066604994,0
0.08891232851496167,5.41,0,0,6,0.6840888066604994,0
0.08891232851496167,1.3319999999999999,0,0,9,0.6840888066604994,0
0.08891232851496167,0.71,0,0,10,0.6840888066604994,0
0.0,0.0,1,0,23,0.6840888066604994,0
0.0,39.941,0,0,3,0.6840888066604994,0
0.0,11.489,0,0,4,0.6840888066604994,0
0.0,1.757,0,0,7,0.6840888066604994,0
0.0,1.591,0,0,8,0.6840888066604994,0
0.0,0.191,1,0,12,0.6840888066604994,0
0.0,0.001,1,0,22,0.6840888066604994,0
0.0,0.174,1,0,13,0.6840888066604994,0
0.0,0.146,1,0,14,0.6840888066604994,0
0.0,0.127,1,0,15,0.6840888066604994,0
0.0,0.059000000000000004,1,0,16,0.6840888066604994,0
0.0,0.040999999999999995,1,0,17,0.6840888066604994,0
0.0,0.040999999999999995,1,0,18,0.6840888066604994,0
0.0,0.026000000000000002,1,0,19,0.6840888066604994,0
0.0,0.01,1,0,21,0.6840888066604994,0
0.0,159.22799999999998,0,0,1,0.6840888066604994,0
rank_index,time,class,failures,ranking,nfpa,DDP
0.280400799338563,0.306,1,0,11,0.7299077733860344,0
0.2358719224932949,0.0,1,0,22,0.7299077733860344,0
0.08891232851496167,0.71,0,0,10,0.7299077733860344,0
0.08891232851496167,0.022000000000000002,1,0,19,0.7299077733860344,0
0.08891232851496167,76.8,0,0,2,0.7299077733860344,0
0.08891232851496167,5.54,0,0,5,0.7299077733860344,0
0.08891232851496167,5.399,0,0,6,0.7299077733860344,0
0.08891232851496167,1.278,0,0,9,0.7299077733860344,0
0.0,40.108000000000004,0,0,3,0.7299077733860344,0
0.0,11.675,0,0,4,0.7299077733860344,0
0.0,1.693,0,0,7,0.7299077733860344,0
0.0,1.6680000000000001,0,0,8,0.7299077733860344,0
0.0,0.005,1,0,20,0.7299077733860344,0
0.0,0.002,1,0,21,0.7299077733860344,0
0.0,0.17300000000000001,1,0,12,0.7299077733860344,0
0.0,0.172,1,0,13,0.7299077733860344,0
0.0,0.145,1,0,14,0.7299077733860344,0
0.0,0.135,1,0,15,0.7299077733860344,0
0.0,0.11199999999999999,1,0,16,0.7299077733860344,0
0.0,0.047,1,0,17,0.7299077733860344,0
0.0,0.043,1,0,18,0.7299077733860344,0
0.0,168.84799999999998,0,0,1,0.7299077733860344,0
rank_index,time,class,failures,ranking,nfpa,DDP
0.280400799338563,0.302,1,0,12,0.6961147086031452,0
0.280400799338563,0.147,1,0,15,0.6961147086031452,0
0.08891232851496167,1.2930000000000001,0,0,10,0.6961147086031452,0
0.08891232851496167,0.022000000000000002,1,0,21,0.6961147086031452,0
0.08891232851496167,76.97399999999999,0,0,2,0.6961147086031452,0
0.08891232851496167,5.559,0,0,5,0.6961147086031452,0
0.08891232851496167,5.32,0,0,6,0.6961147086031452,0
0.08891232851496167,0.71,0,0,11,0.6961147086031452,0
0.0,40.061,0,0,3,0.6961147086031452,0
0.0,11.554,0,0,4,0.6961147086031452,0
0.0,5.205,0,0,7,0.6961147086031452,0
0.0,1.7469999999999999,0,0,8,0.6961147086031452,0
0.0,1.6540000000000001,0,0,9,0.6961147086031452,0
0.0,0.0,1,0,23,0.6961147086031452,0
0.0,0.009000000000000001,1,0,22,0.6961147086031452,0
0.0,0.205,1,0,13,0.6961147086031452,0
0.0,0.175,1,0,14,0.6961147086031452,0
0.0,0.135,1,0,16,0.6961147086031452,0
0.0,0.126,1,0,17,0.6961147086031452,0
0.0,0.064,1,0,18,0.6961147086031452,0
0.0,0.040999999999999995,1,0,19,0.6961147086031452,0
0.0,0.040999999999999995,1,0,20,0.6961147086031452,0
0.0,159.121,0,0,1,0.6961147086031452,0
rank_index,time,class,failures,ranking,nfpa,DDP
0.280400799338563,0.29100000000000004,1,0,10,0.7396761133603237,0
0.08891232851496167,0.023,1,0,18,0.7396761133603237,0
0.08891232851496167,5.935,0,0,4,0.7396761133603237,0
0.08891232851496167,5.32,0,0,5,0.7396761133603237,0
0.08891232851496167,1.2890000000000001,0,0,8,0.7396761133603237,0
0.08891232851496167,0.7090000000000001,0,0,9,0.7396761133603237,0
0.08891232851496167,77.023,0,0,1,0.7396761133603237,0
0.0,0.161,1,0,12,0.7396761133603237,0
0.0,0.212,1,0,11,0.7396761133603237,0
0.0,0.14400000000000002,1,0,13,0.7396761133603237,0
0.0,0.131,1,0,14,0.7396761133603237,0
0.0,0.065,1,0,15,0.7396761133603237,0
0.0,1.597,0,0,7,0.7396761133603237,0
0.0,1.84,0,0,6,0.7396761133603237,0
0.0,0.044000000000000004,1,0,16,0.7396761133603237,0
0.0,0.043,1,0,17,0.7396761133603237,0
0.0,12.005,0,0,3,0.7396761133603237,0
0.0,42.493,0,0,2,0.7396761133603237,0
0.0,0.01,1,0,19,0.7396761133603237,0
rank_index,time,class,failures,ranking,nfpa,DDP
0.280400799338563,0.293,1,0,11,0.6843205574912891,0
0.08891232851496167,0.71,0,0,10,0.6843205574912891,0
0.08891232851496167,1.315,0,0,9,0.6843205574912891,0
0.08891232851496167,76.668,0,0,2,0.6843205574912891,0
0.08891232851496167,5.523,0,0,5,0.6843205574912891,0
0.08891232851496167,5.311,0,0,6,0.6843205574912891,0
0.08891232851496167,0.022000000000000002,1,0,19,0.6843205574912891,0
0.0,40.089,0,0,3,0.6843205574912891,0
0.0,11.752,0,0,4,0.6843205574912891,0
0.0,1.758,0,0,7,0.6843205574912891,0
0.0,1.639,0,0,8,0.6843205574912891,0
0.0,0.01,1,0,20,0.6843205574912891,0
0.0,0.218,1,0,12,0.6843205574912891,0
0.0,0.171,1,0,13,0.6843205574912891,0
0.0,0.147,1,0,14,0.6843205574912891,0
0.0,0.127,1,0,15,0.6843205574912891,0
0.0,0.071,1,0,16,0.6843205574912891,0
0.0,0.048,1,0,17,0.6843205574912891,0
0.0,0.043,1,0,18,0.6843205574912891,0
0.0,170.889,0,0,1,0.6843205574912891,0
rank_index,time,class,failures,ranking,nfpa,DDP
0.280400799338563,0.149,1,0,17,0.7004081632653062,0
0.280400799338563,0.311,1,0,13,0.7004081632653062,0
0.08891232851496167,0.7090000000000001,0,0,12,0.7004081632653062,0
0.08891232851496167,1.298,0,0,10,0.7004081632653062,0
0.08891232851496167,0.021,1,0,22,0.7004081632653062,0
0.08891232851496167,76.686,0,0,2,0.7004081632653062,0
0.08891232851496167,5.54,0,0,5,0.7004081632653062,0
0.08891232851496167,5.316,0,0,6,0.7004081632653062,0
0.0,40.077,0,0,3,0.7004081632653062,0
0.0,11.199000000000002,0,0,4,0.7004081632653062,0
0.0,5.216,0,0,7,0.7004081632653062,0
0.0,1.643,0,0,8,0.7004081632653062,0
0.0,1.604,0,0,9,0.7004081632653062,0
0.0,0.0,1,0,24,0.7004081632653062,0
0.0,0.823,0,0,11,0.7004081632653062,0
0.0,0.009000000000000001,1,0,23,0.7004081632653062,0
0.0,0.256,1,0,14,0.7004081632653062,0
0.0,0.17,1,0,15,0.7004081632653062,0
0.0,0.151,1,0,16,0.7004081632653062,0
0.0,0.125,1,0,18,0.7004081632653062,0
0.0,0.071,1,0,19,0.7004081632653062,0
0.0,0.044000000000000004,1,0,20,0.7004081632653062,0
0.0,0.044000000000000004,1,0,21,0.7004081632653062,0
0.0,170.959,0,0,1,0.7004081632653062,0
rank_index,time,class,failures,ranking,nfpa,DDP
0.280400799338563,0.35600000000000004,1,0,10,0.7341463414634146,0
0.08891232851496167,0.023,1,0,19,0.7341463414634146,0
0.08891232851496167,6.042000000000001,0,0,4,0.7341463414634146,0
0.08891232851496167,5.401,0,0,5,0.7341463414634146,0
0.08891232851496167,1.308,0,0,8,0.7341463414634146,0
0.08891232851496167,0.711,0,0,9,0.7341463414634146,0
0.08891232851496167,77.454,0,0,1,0.7341463414634146,0
0.0,0.168,1,0,13,0.7341463414634146,0
0.0,0.18100000000000002,1,0,12,0.7341463414634146,0
0.0,0.233,1,0,11,0.7341463414634146,0
0.0,0.136,1,0,14,0.7341463414634146,0
0.0,0.083,1,0,15,0.7341463414634146,0
0.0,0.066,1,0,16,0.7341463414634146,0
0.0,1.608,0,0,7,0.7341463414634146,0
0.0,1.652,0,0,6,0.7341463414634146,0
0.0,0.048,1,0,17,0.7341463414634146,0
0.0,0.044000000000000004,1,0,18,0.7341463414634146,0
0.0,11.833,0,0,3,0.7341463414634146,0
0.0,42.275,0,0,2,0.7341463414634146,0
0.0,0.012,1,0,20,0.7341463414634146,0
rank_index,time,class,failures,ranking,nfpa,DDP
0.280400799338563,0.301,1,0,10,0.7396761133603237,0
0.08891232851496167,0.023,1,0,18,0.7396761133603237,0
0.08891232851496167,5.974,0,0,4,0.7396761133603237,0
0.08891232851496167,5.404,0,0,5,0.7396761133603237,0
0.08891232851496167,1.294,0,0,8,0.7396761133603237,0
0.08891232851496167,0.71,0,0,9,0.7396761133603237,0
0.08891232851496167,76.975,0,0,1,0.7396761133603237,0
0.0,0.175,1,0,12,0.7396761133603237,0
0.0,0.228,1,0,11,0.7396761133603237,0
0.0,0.14800000000000002,1,0,13,0.7396761133603237,0
0.0,0.127,1,0,14,0.7396761133603237,0
0.0,0.07,1,0,15,0.7396761133603237,0
0.0,1.6540000000000001,0,0,7,0.7396761133603237,0
0.0,1.8430000000000002,0,0,6,0.7396761133603237,0
0.0,0.044000000000000004,1,0,16,0.7396761133603237,0
0.0,0.044000000000000004,1,0,17,0.7396761133603237,0
0.0,11.804,0,0,3,0.7396761133603237,0
0.0,42.684,0,0,2,0.7396761133603237,0
0.0,0.013000000000000001,1,0,19,0.7396761133603237,0
rank_index,time,class,failures,ranking,nfpa,DDP
0.280400799338563,0.311,1,0,10,0.6418000604047117,0
0.08891232851496167,77.367,0,0,1,0.6418000604047117,0
0.08891232851496167,0.023,1,0,19,0.6418000604047117,0
0.08891232851496167,5.91,0,0,4,0.6418000604047117,0
0.08891232851496167,5.406000000000001,0,0,5,0.6418000604047117,0
0.08891232851496167,1.295,0,0,8,0.6418000604047117,0
0.08891232851496167,0.71,0,0,9,0.6418000604047117,0
0.0,42.22,0,0,2,0.6418000604047117,0
0.0,11.828,0,0,3,0.6418000604047117,0
0.0,1.716,0,0,6,0.6418000604047117,0
0.0,1.6740000000000002,0,0,7,0.6418000604047117,0
0.0,0.003,1,0,21,0.6418000604047117,0
0.0,0.01,1,0,20,0.6418000604047117,0
0.0,0.191,1,0,12,0.6418000604047117,0
0.0,0.172,1,0,13,0.6418000604047117,0
0.0,0.157,1,0,14,0.6418000604047117,0
0.0,0.07400000000000001,1,0,15,0.6418000604047117,0
0.0,0.068,1,0,16,0.6418000604047117,0
0.0,0.068,1,0,17,0.6418000604047117,0
0.0,0.043,1,0,18,0.6418000604047117,0
0.0,0.201,1,0,11,0.6418000604047117,0
rank_index,time,class,failures,ranking,nfpa,DDP
0.280400799338563,0.26899999999999996,1,0,11,0.677733860342556,0
0.08891232851496167,0.7090000000000001,0,0,10,0.677733860342556,0
0.08891232851496167,76.929,0,0,2,0.677733860342556,0
0.08891232851496167,0.019,1,0,19,0.677733860342556,0
0.08891232851496167,5.602,0,0,5,0.677733860342556,0
0.08891232851496167,5.3020000000000005,0,0,6,0.677733860342556,0
0.08891232851496167,1.2830000000000001,0,0,9,0.677733860342556,0
0.0,40.259,0,0,3,0.677733860342556,0
0.0,11.511,0,0,4,0.677733860342556,0
0.0,1.74,0,0,7,0.677733860342556,0
0.0,1.558,0,0,8,0.677733860342556,0
0.0,0.0,1,0,22,0.677733860342556,0
0.0,0.002,1,0,21,0.677733860342556,0
0.0,0.20800000000000002,1,0,12,0.677733860342556,0
0.0,0.183,1,0,13,0.677733860342556,0
0.0,0.142,1,0,14,0.677733860342556,0
0.0,0.138,1,0,15,0.677733860342556,0
0.0,0.06,1,0,16,0.677733860342556,0
0.0,0.044000000000000004,1,0,17,0.677733860342556,0
0.0,0.043,1,0,18,0.677733860342556,0
0.0,0.01,1,0,20,0.677733860342556,0
0.0,170.78900000000002,0,0,1,0.677733860342556,0
rank_index,time,class,failures,ranking,nfpa,DDP
0.280400799338563,0.358,1,0,11,0.677733860342556,0
0.08891232851496167,0.711,0,0,10,0.677733860342556,0
0.08891232851496167,77.18,0,0,2,0.677733860342556,0
0.08891232851496167,0.02,1,0,19,0.677733860342556,0
0.08891232851496167,5.546,0,0,5,0.677733860342556,0
0.08891232851496167,5.414,0,0,6,0.677733860342556,0
0.08891232851496167,1.276,0,0,9,0.677733860342556,0
0.0,40.265,0,0,3,0.677733860342556,0
0.0,11.522,0,0,4,0.677733860342556,0
0.0,1.7690000000000001,0,0,7,0.677733860342556,0
0.0,1.68,0,0,8,0.677733860342556,0
0.0,0.0,1,0,22,0.677733860342556,0
0.0,0.002,1,0,21,0.677733860342556,0
0.0,0.203,1,0,12,0.677733860342556,0
0.0,0.16699999999999998,1,0,13,0.677733860342556,0
0.0,0.142,1,0,14,0.677733860342556,0
0.0,0.13,1,0,15,0.677733860342556,0
0.0,0.063,1,0,16,0.677733860342556,0
0.0,0.047,1,0,17,0.677733860342556,0
0.0,0.043,1,0,18,0.677733860342556,0
0.0,0.012,1,0,20,0.677733860342556,0
0.0,170.985,0,0,1,0.677733860342556,0
rank_index,time,class,failures,ranking,nfpa,DDP
0.280400799338563,0.267,1,0,10,0.6418000604047117,0
0.08891232851496167,77.438,0,0,1,0.6418000604047117,0
0.08891232851496167,0.021,1,0,19,0.6418000604047117,0
0.08891232851496167,6.041,0,0,4,0.6418000604047117,0
0.08891232851496167,5.4079999999999995,0,0,5,0.6418000604047117,0
0.08891232851496167,1.3259999999999998,0,0,8,0.6418000604047117,0
0.08891232851496167,0.7090000000000001,0,0,9,0.6418000604047117,0
0.0,42.598,0,0,2,0.6418000604047117,0
0.0,11.905999999999999,0,0,3,0.6418000604047117,0
0.0,1.685,0,0,6,0.6418000604047117,0
0.0,1.6640000000000001,0,0,7,0.6418000604047117,0
0.0,0.001,1,0,21,0.6418000604047117,0
0.0,0.012,1,0,20,0.6418000604047117,0
0.0,0.175,1,0,12,0.6418000604047117,0
0.0,0.14,1,0,13,0.6418000604047117,0
0.0,0.139,1,0,14,0.6418000604047117,0
0.0,0.08,1,0,15,0.6418000604047117,0
0.0,0.069,1,0,16,0.6418000604047117,0
0.0,0.053,1,0,17,0.6418000604047117,0
0.0,0.045,1,0,18,0.6418000604047117,0
0.0,0.204,1,0,11,0.6418000604047117,0
rank_index,time,class,failures,ranking,nfpa,DDP
0.280400799338563,0.281,1,0,10,0.7396761133603237,0
0.08891232851496167,0.022000000000000002,1,0,18,0.7396761133603237,0
0.08891232851496167,5.985,0,0,4,0.7396761133603237,0
0.08891232851496167,5.398,0,0,5,0.7396761133603237,0
0.08891232851496167,1.3419999999999999,0,0,8,0.7396761133603237,0
0.08891232851496167,0.708,0,0,9,0.7396761133603237,0
0.08891232851496167,77.054,0,0,1,0.7396761133603237,0
0.0,0.184,1,0,12,0.7396761133603237,0
0.0,0.203,1,0,11,0.7396761133603237,0
0.0,0.157,1,0,13,0.7396761133603237,0
0.0,0.133,1,0,14,0.7396761133603237,0
0.0,0.066,1,0,15,0.7396761133603237,0
0.0,1.6569999999999998,0,0,7,0.7396761133603237,0
0.0,1.719,0,0,6,0.7396761133603237,0
0.0,0.062,1,0,16,0.7396761133603237,0
0.0,0.047,1,0,17,0.7396761133603237,0
0.0,11.832,0,0,3,0.7396761133603237,0
0.0,42.371,0,0,2,0.7396761133603237,0
0.0,0.012,1,0,19,0.7396761133603237,0
rank_index,time,class,failures,ranking,nfpa,DDP
0.280400799338563,0.303,1,0,10,0.7396761133603237,0
0.08891232851496167,0.022000000000000002,1,0,18,0.7396761133603237,0
0.08891232851496167,5.935,0,0,4,0.7396761133603237,0
0.08891232851496167,5.406000000000001,0,0,5,0.7396761133603237,0
0.08891232851496167,1.308,0,0,8,0.7396761133603237,0
0.08891232851496167,0.71,0,0,9,0.7396761133603237,0
0.08891232851496167,77.03,0,0,1,0.7396761133603237,0
0.0,0.16,1,0,12,0.7396761133603237,0
0.0,0.217,1,0,11,0.7396761133603237,0
0.0,0.14400000000000002,1,0,13,0.7396761133603237,0
0.0,0.14300000000000002,1,0,14,0.7396761133603237,0
0.0,0.064,1,0,15,0.7396761133603237,0
0.0,1.621,0,0,7,0.7396761133603237,0
0.0,1.6769999999999998,0,0,6,0.7396761133603237,0
0.0,0.046,1,0,16,0.7396761133603237,0
0.0,0.040999999999999995,1,0,17,0.7396761133603237,0
0.0,11.953,0,0,3,0.7396761133603237,0
0.0,42.492,0,0,2,0.7396761133603237,0
0.0,0.009000000000000001,1,0,19,0.7396761133603237,0
rank_index,time,class,failures,ranking,nfpa,DDP
0.280400799338563,0.27399999999999997,1,0,11,0.677733860342556,0
0.08891232851496167,0.71,0,0,10,0.677733860342556,0
0.08891232851496167,76.762,0,0,2,0.677733860342556,0
0.08891232851496167,0.019,1,0,19,0.677733860342556,0
0.08891232851496167,5.553,0,0,5,0.677733860342556,0
0.08891232851496167,5.412000000000001,0,0,6,0.677733860342556,0
0.08891232851496167,1.251,0,0,9,0.677733860342556,0
0.0,40.033,0,0,3,0.677733860342556,0
0.0,11.382,0,0,4,0.677733860342556,0
0.0,1.7080000000000002,0,0,7,0.677733860342556,0
0.0,1.6580000000000001,0,0,8,0.677733860342556,0
0.0,0.0,1,0,22,0.677733860342556,0
0.0,0.002,1,0,21,0.677733860342556,0
0.0,0.207,1,0,12,0.677733860342556,0
0.0,0.166,1,0,13,0.677733860342556,0
0.0,0.136,1,0,14,0.677733860342556,0
0.0,0.135,1,0,15,0.677733860342556,0
0.0,0.061,1,0,16,0.677733860342556,0
0.0,0.044000000000000004,1,0,17,0.677733860342556,0
0.0,0.042,1,0,18,0.677733860342556,0
0.0,0.009000000000000001,1,0,20,0.677733860342556,0
0.0,170.771,0,0,1,0.677733860342556,0
rank_index,time,class,failures,ranking,nfpa,DDP
0.280400799338563,0.297,1,0,11,0.677733860342556,0
0.08891232851496167,0.7090000000000001,0,0,10,0.677733860342556,0
0.08891232851496167,76.964,0,0,2,0.677733860342556,0
0.08891232851496167,0.02,1,0,19,0.677733860342556,0
0.08891232851496167,5.531000000000001,0,0,5,0.677733860342556,0
0.08891232851496167,5.401,0,0,6,0.677733860342556,0
0.08891232851496167,1.291,0,0,9,0.677733860342556,0
0.0,40.010999999999996,0,0,3,0.677733860342556,0
0.0,11.417,0,0,4,0.677733860342556,0
0.0,1.74,0,0,7,0.677733860342556,0
0.0,1.656,0,0,8,0.677733860342556,0
0.0,0.0,1,0,22,0.677733860342556,0
0.0,0.001,1,0,21,0.677733860342556,0
0.0,0.23,1,0,12,0.677733860342556,0
0.0,0.171,1,0,13,0.677733860342556,0
0.0,0.147,1,0,14,0.677733860342556,0
0.0,0.129,1,0,15,0.677733860342556,0
0.0,0.065,1,0,16,0.677733860342556,0
0.0,0.044000000000000004,1,0,17,0.677733860342556,0
0.0,0.044000000000000004,1,0,18,0.677733860342556,0
0.0,0.01,1,0,20,0.677733860342556,0
0.0,170.71400000000003,0,0,1,0.677733860342556,0
rank_index,time,class,failures,ranking,nfpa,DDP
0.280400799338563,0.27,1,0,10,0.7396761133603237,0
0.08891232851496167,0.018000000000000002,1,0,18,0.7396761133603237,0
0.08891232851496167,5.949,0,0,4,0.7396761133603237,0
0.08891232851496167,5.397,0,0,5,0.7396761133603237,0
0.08891232851496167,1.304,0,0,8,0.7396761133603237,0
0.08891232851496167,0.7090000000000001,0,0,9,0.7396761133603237,0
0.08891232851496167,76.90899999999999,0,0,1,0.7396761133603237,0
0.0,0.179,1,0,12,0.7396761133603237,0
0.0,0.21600000000000003,1,0,11,0.7396761133603237,0
0.0,0.14300000000000002,1,0,13,0.7396761133603237,0
0.0,0.131,1,0,14,0.7396761133603237,0
0.0,0.055,1,0,15,0.7396761133603237,0
0.0,1.5530000000000002,0,0,7,0.7396761133603237,0
0.0,1.672,0,0,6,0.7396761133603237,0
0.0,0.048,1,0,16,0.7396761133603237,0
0.0,0.046,1,0,17,0.7396761133603237,0
0.0,11.888,0,0,3,0.7396761133603237,0
0.0,42.386,0,0,2,0.7396761133603237,0
0.0,0.01,1,0,19,0.7396761133603237,0
rank_index,time,class,failures,ranking,nfpa,DDP
0.08891232851496167,0.018000000000000002,1,0,12,0.8595848595848598,0
0.08891232851496167,0.71,0,0,8,0.8595848595848598,0
0.08891232851496167,5.397,0,0,5,0.8595848595848598,0
0.08891232851496167,5.622999999999999,0,0,4,0.8595848595848598,0
0.08891232851496167,76.877,0,0,2,0.8595848595848598,0
0.0,0.009000000000000001,1,0,13,0.8595848595848598,0
0.0,0.068,1,0,11,0.8595848595848598,0
0.0,0.14800000000000002,1,0,10,0.8595848595848598,0
0.0,0.521,0,0,9,0.8595848595848598,0
0.0,1.63,0,0,7,0.8595848595848598,0
0.0,1.724,0,0,6,0.8595848595848598,0
0.0,39.772,0,0,3,0.8595848595848598,0
0.0,170.658,0,0,1,0.8595848595848598,0
rank_index,time,class,failures,ranking,nfpa,DDP
0.280400799338563,0.326,1,0,11,0.677733860342556,0
0.08891232851496167,0.71,0,0,10,0.677733860342556,0
0.08891232851496167,76.443,0,0,2,0.677733860342556,0
0.08891232851496167,0.023,1,0,19,0.677733860342556,0
0.08891232851496167,5.581,0,0,5,0.677733860342556,0
0.08891232851496167,5.417999999999999,0,0,6,0.677733860342556,0
0.08891232851496167,1.265,0,0,9,0.677733860342556,0
0.0,40.126,0,0,3,0.677733860342556,0
0.0,11.657,0,0,4,0.677733860342556,0
0.0,1.767,0,0,7,0.677733860342556,0
0.0,1.605,0,0,8,0.677733860342556,0
0.0,0.0,1,0,22,0.677733860342556,0
0.0,0.002,1,0,21,0.677733860342556,0
0.0,0.223,1,0,12,0.677733860342556,0
0.0,0.179,1,0,13,0.677733860342556,0
0.0,0.142,1,0,14,0.677733860342556,0
0.0,0.131,1,0,15,0.677733860342556,0
0.0,0.061,1,0,16,0.677733860342556,0
0.0,0.045,1,0,17,0.677733860342556,0
0.0,0.043,1,0,18,0.677733860342556,0
0.0,0.01,1,0,20,0.677733860342556,0
0.0,170.695,0,0,1,0.677733860342556,0
rank_index,time,class,failures,ranking,nfpa,DDP
0.280400799338563,0.255,1,0,11,0.677733860342556,0
0.08891232851496167,0.7090000000000001,0,0,10,0.677733860342556,0
0.08891232851496167,77.04,0,0,2,0.677733860342556,0
0.08891232851496167,0.021,1,0,19,0.677733860342556,0
0.08891232851496167,5.532,0,0,5,0.677733860342556,0
0.08891232851496167,5.414,0,0,6,0.677733860342556,0
0.08891232851496167,1.2830000000000001,0,0,9,0.677733860342556,0
0.0,40.115,0,0,3,0.677733860342556,0
0.0,11.495,0,0,4,0.677733860342556,0
0.0,1.76,0,0,7,0.677733860342556,0
0.0,1.535,0,0,8,0.677733860342556,0
0.0,0.0,1,0,22,0.677733860342556,0
0.0,0.002,1,0,21,0.677733860342556,0
0.0,0.19699999999999998,1,0,12,0.677733860342556,0
0.0,0.17,1,0,13,0.677733860342556,0
0.0,0.14300000000000002,1,0,14,0.677733860342556,0
0.0,0.13699999999999998,1,0,15,0.677733860342556,0
0.0,0.067,1,0,16,0.677733860342556,0
0.0,0.061,1,0,17,0.677733860342556,0
0.0,0.043,1,0,18,0.677733860342556,0
0.0,0.01,1,0,20,0.677733860342556,0
0.0,159.224,0,0,1,0.677733860342556,0
rank_index,time,class,failures,ranking,nfpa,DDP
0.280400799338563,0.28,1,0,10,0.7396761133603237,0
0.08891232851496167,0.022000000000000002,1,0,18,0.7396761133603237,0
0.08891232851496167,6.041,0,0,4,0.7396761133603237,0
0.08891232851496167,5.307,0,0,5,0.7396761133603237,0
0.08891232851496167,1.308,0,0,8,0.7396761133603237,0
0.08891232851496167,0.7090000000000001,0,0,9,0.7396761133603237,0
0.08891232851496167,77.348,0,0,1,0.7396761133603237,0
0.0,0.179,1,0,12,0.7396761133603237,0
0.0,0.242,1,0,11,0.7396761133603237,0
0.0,0.151,1,0,13,0.7396761133603237,0
0.0,0.132,1,0,14,0.7396761133603237,0
0.0,0.067,1,0,15,0.7396761133603237,0
0.0,1.663,0,0,7,0.7396761133603237,0
0.0,1.682,0,0,6,0.7396761133603237,0
0.0,0.048,1,0,16,0.7396761133603237,0
0.0,0.042,1,0,17,0.7396761133603237,0
0.0,11.73,0,0,3,0.7396761133603237,0
0.0,42.568000000000005,0,0,2,0.7396761133603237,0
0.0,0.011000000000000001,1,0,19,0.7396761133603237,0
rank_index,time,class,failures,ranking,nfpa,DDP
0.280400799338563,0.145,1,0,17,0.7005444646098002,0
0.280400799338563,0.3,1,0,13,0.7005444646098002,0
0.1607085143039403,0.0,1,0,27,0.7005444646098002,0
0.08891232851496167,0.7090000000000001,0,0,12,0.7005444646098002,0
0.08891232851496167,77.154,0,0,2,0.7005444646098002,0
0.08891232851496167,0.021,1,0,23,0.7005444646098002,0
0.08891232851496167,5.541,0,0,5,0.7005444646098002,0
0.08891232851496167,5.311,0,0,6,0.7005444646098002,0
0.08891232851496167,1.3219999999999998,0,0,10,0.7005444646098002,0
0.0,0.0,1,0,28,0.7005444646098002,0
0.0,39.982,0,0,3,0.7005444646098002,0
0.0,11.304,0,0,4,0.7005444646098002,0
0.0,5.114,0,0,7,0.7005444646098002,0
0.0,1.641,0,0,8,0.7005444646098002,0
0.0,1.625,0,0,9,0.7005444646098002,0
0.0,0.741,0,0,11,0.7005444646098002,0
0.0,0.213,1,0,14,0.7005444646098002,0
0.0,0.16399999999999998,1,0,15,0.7005444646098002,0
0.0,0.149,1,0,16,0.7005444646098002,0
0.0,0.145,1,0,18,0.7005444646098002,0
0.0,0.13699999999999998,1,0,19,0.7005444646098002,0
0.0,0.062,1,0,20,0.7005444646098002,0
0.0,0.044000000000000004,1,0,21,0.7005444646098002,0
0.0,0.042,1,0,22,0.7005444646098002,0
0.0,0.009000000000000001,1,0,24,0.7005444646098002,0
0.0,0.002,1,0,25,0.7005444646098002,0
0.0,0.0,1,0,26,0.7005444646098002,0
0.0,169.679,0,0,1,0.7005444646098002,0
rank_index,time,class,failures,ranking,nfpa,DDP
0.280400799338563,0.308,1,0,11,0.677733860342556,0
0.08891232851496167,0.7120000000000001,0,0,10,0.677733860342556,0
0.08891232851496167,76.707,0,0,2,0.677733860342556,0
0.08891232851496167,0.019,1,0,19,0.677733860342556,0
0.08891232851496167,5.557,0,0,5,0.677733860342556,0
0.08891232851496167,5.4079999999999995,0,0,6,0.677733860342556,0
0.08891232851496167,1.2890000000000001,0,0,9,0.677733860342556,0
0.0,40.107,0,0,3,0.677733860342556,0
0.0,11.548,0,0,4,0.677733860342556,0
0.0,1.786,0,0,7,0.677733860342556,0
0.0,1.71,0,0,8,0.677733860342556,0
0.0,0.0,1,0,22,0.677733860342556,0
0.0,0.002,1,0,21,0.677733860342556,0
0.0,0.226,1,0,12,0.677733860342556,0
0.0,0.19,1,0,13,0.677733860342556,0
0.0,0.14,1,0,14,0.677733860342556,0
0.0,0.13,1,0,15,0.677733860342556,0
0.0,0.06,1,0,16,0.677733860342556,0
0.0,0.046,1,0,17,0.677733860342556,0
0.0,0.044000000000000004,1,0,18,0.677733860342556,0
0.0,0.01,1,0,20,0.677733860342556,0
0.0,170.785,0,0,1,0.677733860342556,0
rank_index,time,class,failures,ranking,nfpa,DDP
0.280400799338563,0.251,1,0,11,0.6554116558741906,0
0.08891232851496167,76.622,0,0,2,0.6554116558741906,0
0.08891232851496167,5.547000000000001,0,0,5,0.6554116558741906,0
0.08891232851496167,5.414,0,0,6,0.6554116558741906,0
0.08891232851496167,1.295,0,0,9,0.6554116558741906,0
0.08891232851496167,0.166,1,0,13,0.6554116558741906,0
0.08891232851496167,0.7090000000000001,0,0,10,0.6554116558741906,0
0.0,0.0,1,0,23,0.6554116558741906,0
0.0,39.957,0,0,3,0.6554116558741906,0
0.0,11.466,0,0,4,0.6554116558741906,0
0.0,1.744,0,0,7,0.6554116558741906,0
0.0,1.68,0,0,8,0.6554116558741906,0
0.0,0.214,1,0,12,0.6554116558741906,0
0.0,0.002,1,0,22,0.6554116558741906,0
0.0,0.16,1,0,14,0.6554116558741906,0
0.0,0.155,1,0,15,0.6554116558741906,0
0.0,0.138,1,0,16,0.6554116558741906,0
0.0,0.087,1,0,17,0.6554116558741906,0
0.0,0.061,1,0,18,0.6554116558741906,0
0.0,0.057,1,0,19,0.6554116558741906,0
0.0,0.044000000000000004,1,0,20,0.6554116558741906,0
0.0,0.009000000000000001,1,0,21,0.6554116558741906,0
0.0,170.544,0,0,1,0.6554116558741906,0
rank_index,time,class,failures,ranking,nfpa,DDP
0.280400799338563,0.309,1,0,11,0.6840888066604994,0
0.08891232851496167,77.152,0,0,2,0.6840888066604994,0
0.08891232851496167,0.026000000000000002,1,0,20,0.6840888066604994,0
0.08891232851496167,5.541,0,0,5,0.6840888066604994,0
0.08891232851496167,5.415,0,0,6,0.6840888066604994,0
0.08891232851496167,1.2790000000000001,0,0,9,0.6840888066604994,0
0.08891232851496167,0.7090000000000001,0,0,10,0.6840888066604994,0
0.0,0.0,1,0,23,0.6840888066604994,0
0.0,39.815,0,0,3,0.6840888066604994,0
0.0,11.431,0,0,4,0.6840888066604994,0
0.0,1.749,0,0,7,0.6840888066604994,0
0.0,1.646,0,0,8,0.6840888066604994,0
0.0,0.22399999999999998,1,0,12,0.6840888066604994,0
0.0,0.001,1,0,22,0.6840888066604994,0
0.0,0.165,1,0,13,0.6840888066604994,0
0.0,0.136,1,0,14,0.6840888066604994,0
0.0,0.13,1,0,15,0.6840888066604994,0
0.0,0.057,1,0,16,0.6840888066604994,0
0.0,0.051,1,0,17,0.6840888066604994,0
0.0,0.046,1,0,18,0.6840888066604994,0
0.0,0.026000000000000002,1,0,19,0.6840888066604994,0
0.0,0.009000000000000001,1,0,21,0.6840888066604994,0
0.0,170.78599999999997,0,0,1,0.6840888066604994,0
rank_index,time,class,failures,ranking,nfpa,DDP
0.280400799338563,0.31,1,0,11,0.677733860342556,0
0.08891232851496167,0.7090000000000001,0,0,10,0.677733860342556,0
0.08891232851496167,76.62899999999999,0,0,2,0.677733860342556,0
0.08891232851496167,0.021,1,0,19,0.677733860342556,0
0.08891232851496167,5.555,0,0,5,0.677733860342556,0
0.08891232851496167,5.422000000000001,0,0,6,0.677733860342556,0
0.08891232851496167,1.244,0,0,9,0.677733860342556,0
0.0,39.994,0,0,3,0.677733860342556,0
0.0,11.843,0,0,4,0.677733860342556,0
0.0,1.6740000000000002,0,0,7,0.677733860342556,0
0.0,1.655,0,0,8,0.677733860342556,0
0.0,0.001,1,0,22,0.677733860342556,0
0.0,0.002,1,0,21,0.677733860342556,0
0.0,0.204,1,0,12,0.677733860342556,0
0.0,0.17300000000000001,1,0,13,0.677733860342556,0
0.0,0.138,1,0,14,0.677733860342556,0
0.0,0.13699999999999998,1,0,15,0.677733860342556,0
0.0,0.059000000000000004,1,0,16,0.677733860342556,0
0.0,0.046,1,0,17,0.677733860342556,0
0.0,0.044000000000000004,1,0,18,0.677733860342556,0
0.0,0.009000000000000001,1,0,20,0.677733860342556,0
0.0,170.748,0,0,1,0.677733860342556,0
rank_index,time,class,failures,ranking,nfpa,DDP
0.280400799338563,0.252,1,0,11,0.6840888066604994,0
0.08891232851496167,77.039,0,0,2,0.6840888066604994,0
0.08891232851496167,0.022000000000000002,1,0,20,0.6840888066604994,0
0.08891232851496167,5.62,0,0,5,0.6840888066604994,0
0.08891232851496167,5.41,0,0,6,0.6840888066604994,0
0.08891232851496167,1.2990000000000002,0,0,9,0.6840888066604994,0
0.08891232851496167,0.71,0,0,10,0.6840888066604994,0
0.0,0.0,1,0,23,0.6840888066604994,0
0.0,39.84,0,0,3,0.6840888066604994,0
0.0,11.392999999999999,0,0,4,0.6840888066604994,0
0.0,1.754,0,0,7,0.6840888066604994,0
0.0,1.653,0,0,8,0.6840888066604994,0
0.0,0.162,1,0,12,0.6840888066604994,0
0.0,0.002,1,0,22,0.6840888066604994,0
0.0,0.153,1,0,13,0.6840888066604994,0
0.0,0.14400000000000002,1,0,14,0.6840888066604994,0
0.0,0.13,1,0,15,0.6840888066604994,0
0.0,0.08800000000000001,1,0,16,0.6840888066604994,0
0.0,0.063,1,0,17,0.6840888066604994,0
0.0,0.044000000000000004,1,0,18,0.6840888066604994,0
0.0,0.038,1,0,19,0.6840888066604994,0
0.0,0.01,1,0,21,0.6840888066604994,0
0.0,169.645,0,0,1,0.6840888066604994,0
rank_index,time,class,failures,ranking,nfpa,DDP
0.280400799338563,0.313,1,0,11,0.677733860342556,0
0.08891232851496167,0.71,0,0,10,0.677733860342556,0
0.08891232851496167,77.18,0,0,2,0.677733860342556,0
0.08891232851496167,0.022000000000000002,1,0,19,0.677733860342556,0
0.08891232851496167,5.555,0,0,5,0.677733860342556,0
0.08891232851496167,5.193,0,0,6,0.677733860342556,0
0.08891232851496167,1.317,0,0,9,0.677733860342556,0
0.0,40.236,0,0,3,0.677733860342556,0
0.0,11.56,0,0,4,0.677733860342556,0
0.0,1.706,0,0,7,0.677733860342556,0
0.0,1.641,0,0,8,0.677733860342556,0
0.0,0.0,1,0,22,0.677733860342556,0
0.0,0.002,1,0,21,0.677733860342556,0
0.0,0.218,1,0,12,0.677733860342556,0
0.0,0.196,1,0,13,0.677733860342556,0
0.0,0.163,1,0,14,0.677733860342556,0
0.0,0.129,1,0,15,0.677733860342556,0
0.0,0.051,1,0,16,0.677733860342556,0
0.0,0.048,1,0,17,0.677733860342556,0
0.0,0.046,1,0,18,0.677733860342556,0
0.0,0.009000000000000001,1,0,20,0.677733860342556,0
0.0,170.615,0,0,1,0.677733860342556,0
rank_index,time,class,failures,ranking,nfpa,DDP
0.280400799338563,0.33799999999999997,1,0,11,0.677733860342556,0
0.08891232851496167,0.708,0,0,10,0.677733860342556,0
0.08891232851496167,76.488,0,0,2,0.677733860342556,0
0.08891232851496167,0.021,1,0,19,0.677733860342556,0
0.08891232851496167,5.528,0,0,5,0.677733860342556,0
0.08891232851496167,5.403,0,0,6,0.677733860342556,0
0.08891232851496167,1.337,0,0,9,0.677733860342556,0
0.0,40.236999999999995,0,0,3,0.677733860342556,0
0.0,11.642000000000001,0,0,4,0.677733860342556,0
0.0,1.767,0,0,7,0.677733860342556,0
0.0,1.605,0,0,8,0.677733860342556,0
0.0,0.0,1,0,22,0.677733860342556,0
0.0,0.0,1,0,21,0.677733860342556,0
0.0,0.198,1,0,12,0.677733860342556,0
0.0,0.179,1,0,13,0.677733860342556,0
0.0,0.15,1,0,14,0.677733860342556,0
0.0,0.147,1,0,15,0.677733860342556,0
0.0,0.068,1,0,16,0.677733860342556,0
0.0,0.045,1,0,17,0.677733860342556,0
0.0,0.045,1,0,18,0.677733860342556,0
0.0,0.009000000000000001,1,0,20,0.677733860342556,0
0.0,170.732,0,0,1,0.677733860342556,0
rank_index,time,class,failures,ranking,nfpa,DDP
0.280400799338563,0.3,1,0,11,0.677733860342556,0
0.08891232851496167,0.7090000000000001,0,0,10,0.677733860342556,0
0.08891232851496167,76.706,0,0,2,0.677733860342556,0
0.08891232851496167,0.026000000000000002,1,0,19,0.677733860342556,0
0.08891232851496167,5.54,0,0,5,0.677733860342556,0
0.08891232851496167,5.41,0,0,6,0.677733860342556,0
0.08891232851496167,1.278,0,0,9,0.677733860342556,0
0.0,39.983000000000004,0,0,3,0.677733860342556,0
0.0,11.487,0,0,4,0.677733860342556,0
0.0,1.729,0,0,7,0.677733860342556,0
0.0,1.7080000000000002,0,0,8,0.677733860342556,0
0.0,0.0,1,0,22,0.677733860342556,0
0.0,0.002,1,0,21,0.677733860342556,0
0.0,0.207,1,0,12,0.677733860342556,0
0.0,0.17,1,0,13,0.677733860342556,0
0.0,0.152,1,0,14,0.677733860342556,0
0.0,0.125,1,0,15,0.677733860342556,0
0.0,0.065,1,0,16,0.677733860342556,0
0.0,0.046,1,0,17,0.677733860342556,0
0.0,0.044000000000000004,1,0,18,0.677733860342556,0
0.0,0.01,1,0,20,0.677733860342556,0
0.0,170.72799999999998,0,0,1,0.677733860342556,0
rank_index,time,class,failures,ranking,nfpa,DDP
0.280400799338563,0.285,1,0,10,0.7396761133603237,0
0.08891232851496167,0.024,1,0,18,0.7396761133603237,0
0.08891232851496167,6.021,0,0,4,0.7396761133603237,0
0.08891232851496167,5.412999999999999,0,0,5,0.7396761133603237,0
0.08891232851496167,1.3230000000000002,0,0,8,0.7396761133603237,0
0.08891232851496167,0.711,0,0,9,0.7396761133603237,0
0.08891232851496167,77.296,0,0,1,0.7396761133603237,0
0.0,0.172,1,0,12,0.7396761133603237,0
0.0,0.23399999999999999,1,0,11,0.7396761133603237,0
0.0,0.14800000000000002,1,0,13,0.7396761133603237,0
0.0,0.126,1,0,14,0.7396761133603237,0
0.0,0.065,1,0,15,0.7396761133603237,0
0.0,1.66,0,0,7,0.7396761133603237,0
0.0,1.673,0,0,6,0.7396761133603237,0
0.0,0.044000000000000004,1,0,16,0.7396761133603237,0
0.0,0.044000000000000004,1,0,17,0.7396761133603237,0
0.0,11.790999999999999,0,0,3,0.7396761133603237,0
0.0,42.527,0,0,2,0.7396761133603237,0
0.0,0.013000000000000001,1,0,19,0.7396761133603237,0
rank_index,time,class,failures,ranking,nfpa,DDP
0.8230931717885139,76.77199999999999,2,1,25,0.7313336558619578,0.02040816326530612
0.7341808432735522,11.814,2,12,26,0.7313336558619578,0.02040816326530612
0.280400799338563,0.276,1,0,10,0.7313336558619578,0.02040816326530612
0.1607085143039403,0.004,1,0,21,0.7313336558619578,0.02040816326530612
0.08891232851496167,5.5520000000000005,0,0,3,0.7313336558619578,0.02040816326530612
0.08891232851496167,5.428999999999999,0,0,4,0.7313336558619578,0.02040816326530612
0.08891232851496167,0.02,1,0,18,0.7313336558619578,0.02040816326530612
0.08891232851496167,1.3019999999999998,0,0,7,0.7313336558619578,0.02040816326530612
0.08891232851496167,0.71,0,0,8,0.7313336558619578,0.02040816326530612
0.0,0.191,1,0,11,0.7313336558619578,0.02040816326530612
0.0,41.135,0,0,2,0.7313336558619578,0.02040816326530612
0.0,1.7080000000000002,0,0,5,0.7313336558619578,0.02040816326530612
0.0,1.675,0,0,6,0.7313336558619578,0.02040816326530612
0.0,0.355,1,0,9,0.7313336558619578,0.02040816326530612
0.0,0.121,1,0,13,0.7313336558619578,0.02040816326530612
0.0,0.14800000000000002,1,0,12,0.7313336558619578,0.02040816326530612
0.0,0.055,1,0,14,0.7313336558619578,0.02040816326530612
0.0,0.044000000000000004,1,0,15,0.7313336558619578,0.02040816326530612
0.0,0.044000000000000004,1,0,16,0.7313336558619578,0.02040816326530612
0.0,0.024,1,0,17,0.7313336558619578,0.02040816326530612
0.0,0.018000000000000002,1,0,19,0.7313336558619578,0.02040816326530612
0.0,0.009000000000000001,1,0,20,0.7313336558619578,0.02040816326530612
0.0,0.001,1,0,22,0.7313336558619578,0.02040816326530612
0.0,0.0,1,0,23,0.7313336558619578,0.02040816326530612
0.0,0.0,1,0,24,0.7313336558619578,0.02040816326530612
0.0,174.639,0,0,1,0.7313336558619578,0.02040816326530612
rank_index,time,class,failures,ranking,nfpa,DDP
1.6777893085673117,76.881,0,0,2,0.6706982744718594,0
1.58887698005235,11.562999999999999,0,0,4,0.6706982744718594,0
0.280400799338563,0.34,1,0,12,0.6706982744718594,0
0.1607085143039403,0.003,1,0,23,0.6706982744718594,0
0.08891232851496167,5.544,0,0,5,0.6706982744718594,0
0.08891232851496167,0.027000000000000003,1,0,19,0.6706982744718594,0
0.08891232851496167,5.442,0,0,6,0.6706982744718594,0
0.08891232851496167,1.315,0,0,9,0.6706982744718594,0
0.08891232851496167,0.708,0,0,10,0.6706982744718594,0
0.0,0.0,1,0,26,0.6706982744718594,0
0.0,41.526,0,0,3,0.6706982744718594,0
0.0,1.771,0,0,7,0.6706982744718594,0
0.0,1.588,0,0,8,0.6706982744718594,0
0.0,0.375,1,0,11,0.6706982744718594,0
0.0,0.187,1,0,13,0.6706982744718594,0
0.0,0.0,1,0,25,0.6706982744718594,0
0.0,0.14,1,0,14,0.6706982744718594,0
0.0,0.125,1,0,15,0.6706982744718594,0
0.0,0.063,1,0,16,0.6706982744718594,0
0.0,0.042,1,0,17,0.6706982744718594,0
0.0,0.040999999999999995,1,0,18,0.6706982744718594,0
0.0,0.022000000000000002,1,0,20,0.6706982744718594,0
0.0,0.017,1,0,21,0.6706982744718594,0
0.0,0.008,1,0,22,0.6706982744718594,0
0.0,0.001,1,0,24,0.6706982744718594,0
0.0,174.62599999999998,0,0,1,0.6706982744718594,0
rank_index,time,class,failures,ranking,nfpa,DDP
0.28674355679549823,11.49,0,0,4,0.6736010320915982,0
0.280400799338563,0.28,1,0,11,0.6736010320915982,0
0.16407573670431636,77.044,0,0,2,0.6736010320915982,0
0.1607085143039403,0.004,1,0,23,0.6736010320915982,0
0.08891232851496167,5.553,0,0,5,0.6736010320915982,0
0.08891232851496167,0.026000000000000002,1,0,19,0.6736010320915982,0
0.08891232851496167,5.441,0,0,6,0.6736010320915982,0
0.08891232851496167,1.2790000000000001,0,0,9,0.6736010320915982,0
0.08891232851496167,0.71,0,0,10,0.6736010320915982,0
0.0,0.0,1,0,26,0.6736010320915982,0
0.0,0.19,1,0,12,0.6736010320915982,0
0.0,40.152,0,0,3,0.6736010320915982,0
0.0,1.756,0,0,7,0.6736010320915982,0
0.0,1.6380000000000001,0,0,8,0.6736010320915982,0
0.0,0.165,1,0,13,0.6736010320915982,0
0.0,0.001,1,0,25,0.6736010320915982,0
0.0,0.154,1,0,14,0.6736010320915982,0
0.0,0.122,1,0,15,0.6736010320915982,0
0.0,0.059000000000000004,1,0,16,0.6736010320915982,0
0.0,0.044000000000000004,1,0,17,0.6736010320915982,0
0.0,0.043,1,0,18,0.6736010320915982,0
0.0,0.023,1,0,20,0.6736010320915982,0
0.0,0.022000000000000002,1,0,21,0.6736010320915982,0
0.0,0.009000000000000001,1,0,22,0.6736010320915982,0
0.0,0.001,1,0,24,0.6736010320915982,0
0.0,172.81400000000002,0,0,1,0.6736010320915982,0
rank_index,time,class,failures,ranking,nfpa,DDP
0.280400799338563,0.314,1,0,10,0.7056680161943318,0
0.08891232851496167,0.026000000000000002,1,0,18,0.7056680161943318,0
0.08891232851496167,5.952999999999999,0,0,4,0.7056680161943318,0
0.08891232851496167,5.412999999999999,0,0,5,0.7056680161943318,0
0.08891232851496167,1.317,0,0,8,0.7056680161943318,0
0.08891232851496167,0.71,0,0,9,0.7056680161943318,0
0.08891232851496167,77.23100000000001,0,0,1,0.7056680161943318,0
0.07516340818935467,11.914000000000001,0,0,3,0.7056680161943318,0
0.0,0.179,1,0,12,0.7056680161943318,0
0.0,0.204,1,0,11,0.7056680161943318,0
0.0,0.162,1,0,13,0.7056680161943318,0
0.0,0.151,1,0,14,0.7056680161943318,0
0.0,0.063,1,0,15,0.7056680161943318,0
0.0,1.653,0,0,7,0.7056680161943318,0
0.0,1.757,0,0,6,0.7056680161943318,0
0.0,0.055999999999999994,1,0,16,0.7056680161943318,0
0.0,0.042,1,0,17,0.7056680161943318,0
0.0,42.306999999999995,0,0,2,0.7056680161943318,0
0.0,0.011000000000000001,1,0,19,0.7056680161943318,0
rank_index,time,class,failures,ranking,nfpa,DDP
0.280400799338563,0.303,1,0,10,0.7396761133603237,0
0.08891232851496167,0.013999999999999999,1,0,18,0.7396761133603237,0
0.08891232851496167,5.934,0,0,4,0.7396761133603237,0
0.08891232851496167,5.415,0,0,5,0.7396761133603237,0
0.08891232851496167,1.2770000000000001,0,0,8,0.7396761133603237,0
0.08891232851496167,0.71,0,0,9,0.7396761133603237,0
0.08891232851496167,77.203,0,0,1,0.7396761133603237,0
0.0,0.17800000000000002,1,0,12,0.7396761133603237,0
0.0,0.2,1,0,11,0.7396761133603237,0
0.0,0.14300000000000002,1,0,13,0.7396761133603237,0
0.0,0.134,1,0,14,0.7396761133603237,0
0.0,0.064,1,0,15,0.7396761133603237,0
0.0,1.66,0,0,7,0.7396761133603237,0
0.0,1.74,0,0,6,0.7396761133603237,0
0.0,0.048,1,0,16,0.7396761133603237,0
0.0,0.046,1,0,17,0.7396761133603237,0
0.0,11.792,0,0,3,0.7396761133603237,0
0.0,42.284,0,0,2,0.7396761133603237,0
0.0,0.01,1,0,19,0.7396761133603237,0
rank_index,time,class,failures,ranking,nfpa,DDP
0.280400799338563,0.28800000000000003,1,0,11,0.677733860342556,0
0.08891232851496167,0.71,0,0,10,0.677733860342556,0
0.08891232851496167,76.539,0,0,2,0.677733860342556,0
0.08891232851496167,0.026000000000000002,1,0,19,0.677733860342556,0
0.08891232851496167,5.547999999999999,0,0,5,0.677733860342556,0
0.08891232851496167,5.392,0,0,6,0.677733860342556,0
0.08891232851496167,1.2830000000000001,0,0,9,0.677733860342556,0
0.0,39.925,0,0,3,0.677733860342556,0
0.0,11.574000000000002,0,0,4,0.677733860342556,0
0.0,1.764,0,0,7,0.677733860342556,0
0.0,1.495,0,0,8,0.677733860342556,0
0.0,0.0,1,0,22,0.677733860342556,0
0.0,0.002,1,0,21,0.677733860342556,0
0.0,0.221,1,0,12,0.677733860342556,0
0.0,0.172,1,0,13,0.677733860342556,0
0.0,0.139,1,0,14,0.677733860342556,0
0.0,0.125,1,0,15,0.677733860342556,0
0.0,0.057999999999999996,1,0,16,0.677733860342556,0
0.0,0.044000000000000004,1,0,17,0.677733860342556,0
0.0,0.040999999999999995,1,0,18,0.677733860342556,0
0.0,0.012,1,0,20,0.677733860342556,0
0.0,170.68,0,0,1,0.677733860342556,0
rank_index,time,class,failures,ranking,nfpa,DDP
0.280400799338563,0.301,1,0,11,0.6840888066604994,0
0.08891232851496167,76.661,0,0,2,0.6840888066604994,0
0.08891232851496167,0.021,1,0,20,0.6840888066604994,0
0.08891232851496167,5.526,0,0,5,0.6840888066604994,0
0.08891232851496167,5.41,0,0,6,0.6840888066604994,0
0.08891232851496167,1.2819999999999998,0,0,9,0.6840888066604994,0
0.08891232851496167,0.71,0,0,10,0.6840888066604994,0
0.0,0.0,1,0,23,0.6840888066604994,0
0.0,40.263000000000005,0,0,3,0.6840888066604994,0
0.0,11.466,0,0,4,0.6840888066604994,0
0.0,1.76,0,0,7,0.6840888066604994,0
0.0,1.705,0,0,8,0.6840888066604994,0
0.0,0.207,1,0,12,0.6840888066604994,0
0.0,0.002,1,0,22,0.6840888066604994,0
0.0,0.17800000000000002,1,0,13,0.6840888066604994,0
0.0,0.16,1,0,14,0.6840888066604994,0
0.0,0.14400000000000002,1,0,15,0.6840888066604994,0
0.0,0.083,1,0,16,0.6840888066604994,0
0.0,0.06,1,0,17,0.6840888066604994,0
0.0,0.046,1,0,18,0.6840888066604994,0
0.0,0.042,1,0,19,0.6840888066604994,0
0.0,0.013000000000000001,1,0,21,0.6840888066604994,0
0.0,170.706,0,0,1,0.6840888066604994,0
rank_index,time,class,failures,ranking,nfpa,DDP
0.280400799338563,0.304,1,0,10,0.7396761133603237,0
0.08891232851496167,0.023,1,0,18,0.7396761133603237,0
0.08891232851496167,5.9910000000000005,0,0,4,0.7396761133603237,0
0.08891232851496167,5.31,0,0,5,0.7396761133603237,0
0.08891232851496167,1.297,0,0,8,0.7396761133603237,0
0.08891232851496167,0.71,0,0,9,0.7396761133603237,0
0.08891232851496167,76.97,0,0,1,0.7396761133603237,0
0.0,0.174,1,0,12,0.7396761133603237,0
0.0,0.218,1,0,11,0.7396761133603237,0
0.0,0.14300000000000002,1,0,13,0.7396761133603237,0
0.0,0.131,1,0,14,0.7396761133603237,0
0.0,0.064,1,0,15,0.7396761133603237,0
0.0,1.6780000000000002,0,0,7,0.7396761133603237,0
0.0,1.704,0,0,6,0.7396761133603237,0
0.0,0.048,1,0,16,0.7396761133603237,0
0.0,0.046,1,0,17,0.7396761133603237,0
0.0,11.978,0,0,3,0.7396761133603237,0
0.0,42.25899999999999,0,0,2,0.7396761133603237,0
0.0,0.012,1,0,19,0.7396761133603237,0
rank_index,time,class,failures,ranking,nfpa,DDP
0.280400799338563,0.27399999999999997,1,0,11,0.6953717142396386,0
0.1607085143039403,0.004,1,0,23,0.6953717142396386,0
0.08891232851496167,76.73,0,0,2,0.6953717142396386,0
0.08891232851496167,0.022000000000000002,1,0,20,0.6953717142396386,0
0.08891232851496167,5.532,0,0,5,0.6953717142396386,0
0.08891232851496167,5.422999999999999,0,0,6,0.6953717142396386,0
0.08891232851496167,1.266,0,0,9,0.6953717142396386,0
0.08891232851496167,0.7090000000000001,0,0,10,0.6953717142396386,0
0.0,0.0,1,0,26,0.6953717142396386,0
0.0,0.19899999999999998,1,0,12,0.6953717142396386,0
0.0,40.173,0,0,3,0.6953717142396386,0
0.0,11.559000000000001,0,0,4,0.6953717142396386,0
0.0,1.7590000000000001,0,0,7,0.6953717142396386,0
0.0,1.5619999999999998,0,0,8,0.6953717142396386,0
0.0,0.182,1,0,13,0.6953717142396386,0
0.0,0.001,1,0,25,0.6953717142396386,0
0.0,0.152,1,0,14,0.6953717142396386,0
0.0,0.127,1,0,15,0.6953717142396386,0
0.0,0.064,1,0,16,0.6953717142396386,0
0.0,0.053,1,0,17,0.6953717142396386,0
0.0,0.043,1,0,18,0.6953717142396386,0
0.0,0.022000000000000002,1,0,19,0.6953717142396386,0
0.0,0.017,1,0,21,0.6953717142396386,0
0.0,0.012,1,0,22,0.6953717142396386,0
0.0,0.001,1,0,24,0.6953717142396386,0
0.0,173.308,0,0,1,0.6953717142396386,0
rank_index,time,class,failures,ranking,nfpa,DDP
0.280400799338563,0.278,1,0,11,0.677733860342556,0
0.08891232851496167,0.708,0,0,10,0.677733860342556,0
0.08891232851496167,76.488,0,0,2,0.677733860342556,0
0.08891232851496167,0.021,1,0,19,0.677733860342556,0
0.08891232851496167,5.537999999999999,0,0,5,0.677733860342556,0
0.08891232851496167,5.412000000000001,0,0,6,0.677733860342556,0
0.08891232851496167,1.3840000000000001,0,0,9,0.677733860342556,0
0.0,39.969,0,0,3,0.677733860342556,0
0.0,11.59,0,0,4,0.677733860342556,0
0.0,1.6569999999999998,0,0,7,0.677733860342556,0
0.0,1.656,0,0,8,0.677733860342556,0
0.0,0.0,1,0,22,0.677733860342556,0
0.0,0.001,1,0,21,0.677733860342556,0
0.0,0.243,1,0,12,0.677733860342556,0
0.0,0.233,1,0,13,0.677733860342556,0
0.0,0.195,1,0,14,0.677733860342556,0
0.0,0.141,1,0,15,0.677733860342556,0
0.0,0.064,1,0,16,0.677733860342556,0
0.0,0.055999999999999994,1,0,17,0.677733860342556,0
0.0,0.044000000000000004,1,0,18,0.677733860342556,0
0.0,0.012,1,0,20,0.677733860342556,0
0.0,172.89700000000002,0,0,1,0.677733860342556,0
rank_index,time,class,failures,ranking,nfpa,DDP
0.280400799338563,0.311,1,0,10,0.6418000604047117,0
0.08891232851496167,76.207,0,0,1,0.6418000604047117,0
0.08891232851496167,0.024,1,0,19,0.6418000604047117,0
0.08891232851496167,5.942,0,0,4,0.6418000604047117,0
0.08891232851496167,5.442,0,0,5,0.6418000604047117,0
0.08891232851496167,1.2409999999999999,0,0,8,0.6418000604047117,0
0.08891232851496167,0.711,0,0,9,0.6418000604047117,0
0.0,42.511,0,0,2,0.6418000604047117,0
0.0,11.849,0,0,3,0.6418000604047117,0
0.0,1.719,0,0,6,0.6418000604047117,0
0.0,1.675,0,0,7,0.6418000604047117,0
0.0,0.002,1,0,21,0.6418000604047117,0
0.0,0.012,1,0,20,0.6418000604047117,0
0.0,0.16899999999999998,1,0,12,0.6418000604047117,0
0.0,0.13699999999999998,1,0,13,0.6418000604047117,0
0.0,0.131,1,0,14,0.6418000604047117,0
0.0,0.086,1,0,15,0.6418000604047117,0
0.0,0.063,1,0,16,0.6418000604047117,0
0.0,0.049,1,0,17,0.6418000604047117,0
0.0,0.045,1,0,18,0.6418000604047117,0
0.0,0.214,1,0,11,0.6418000604047117,0
rank_index,time,class,failures,ranking,nfpa,DDP
0.280400799338563,0.314,1,0,11,0.6799259944495836,0
0.08891232851496167,76.99600000000001,0,0,2,0.6799259944495836,0
0.08891232851496167,0.021,1,0,19,0.6799259944495836,0
0.08891232851496167,5.551,0,0,5,0.6799259944495836,0
0.08891232851496167,5.4079999999999995,0,0,6,0.6799259944495836,0
0.08891232851496167,1.276,0,0,9,0.6799259944495836,0
0.08891232851496167,0.7090000000000001,0,0,10,0.6799259944495836,0
0.0,0.0,1,0,23,0.6799259944495836,0
0.0,40.227,0,0,3,0.6799259944495836,0
0.0,11.475999999999999,0,0,4,0.6799259944495836,0
0.0,1.683,0,0,7,0.6799259944495836,0
0.0,1.6230000000000002,0,0,8,0.6799259944495836,0
0.0,0.217,1,0,12,0.6799259944495836,0
0.0,0.001,1,0,22,0.6799259944495836,0
0.0,0.166,1,0,13,0.6799259944495836,0
0.0,0.14400000000000002,1,0,14,0.6799259944495836,0
0.0,0.13,1,0,15,0.6799259944495836,0
0.0,0.061,1,0,16,0.6799259944495836,0
0.0,0.046,1,0,17,0.6799259944495836,0
0.0,0.042,1,0,18,0.6799259944495836,0
0.0,0.012,1,0,20,0.6799259944495836,0
0.0,0.002,1,0,21,0.6799259944495836,0
0.0,173.02599999999998,0,0,1,0.6799259944495836,0
rank_index,time,class,failures,ranking,nfpa,DDP
0.280400799338563,0.319,1,0,10,0.724390243902439,0
0.08891232851496167,0.7090000000000001,0,0,9,0.724390243902439,0
0.08891232851496167,5.992000000000001,0,0,4,0.724390243902439,0
0.08891232851496167,5.501,0,0,5,0.724390243902439,0
0.08891232851496167,1.339,0,0,8,0.724390243902439,0
0.08891232851496167,77.453,0,0,1,0.724390243902439,0
0.08891232851496167,0.024,1,0,18,0.724390243902439,0
0.0,0.132,1,0,14,0.724390243902439,0
0.0,0.14300000000000002,1,0,13,0.724390243902439,0
0.0,0.187,1,0,12,0.724390243902439,0
0.0,0.214,1,0,11,0.724390243902439,0
0.0,0.013999999999999999,1,0,19,0.724390243902439,0
0.0,0.064,1,0,15,0.724390243902439,0
0.0,0.046,1,0,16,0.724390243902439,0
0.0,1.652,0,0,7,0.724390243902439,0
0.0,1.715,0,0,6,0.724390243902439,0
0.0,0.043,1,0,17,0.724390243902439,0
0.0,11.8,0,0,3,0.724390243902439,0
0.0,42.308,0,0,2,0.724390243902439,0
0.0,0.0,1,0,20,0.724390243902439,0
rank_index,time,class,failures,ranking,nfpa,DDP
0.280400799338563,0.33899999999999997,1,0,10,0.7396761133603237,0
0.08891232851496167,0.021,1,0,18,0.7396761133603237,0
0.08891232851496167,5.947,0,0,4,0.7396761133603237,0
0.08891232851496167,5.3,0,0,5,0.7396761133603237,0
0.08891232851496167,1.274,0,0,8,0.7396761133603237,0
0.08891232851496167,0.7090000000000001,0,0,9,0.7396761133603237,0
0.08891232851496167,77.374,0,0,1,0.7396761133603237,0
0.0,0.18600000000000003,1,0,12,0.7396761133603237,0
0.0,0.20600000000000002,1,0,11,0.7396761133603237,0
0.0,0.15,1,0,13,0.7396761133603237,0
0.0,0.131,1,0,14,0.7396761133603237,0
0.0,0.062,1,0,15,0.7396761133603237,0
0.0,1.676,0,0,7,0.7396761133603237,0
0.0,1.74,0,0,6,0.7396761133603237,0
0.0,0.049,1,0,16,0.7396761133603237,0
0.0,0.048,1,0,17,0.7396761133603237,0
0.0,11.79,0,0,3,0.7396761133603237,0
0.0,42.349,0,0,2,0.7396761133603237,0
0.0,0.013000000000000001,1,0,19,0.7396761133603237,0
rank_index,time,class,failures,ranking,nfpa,DDP
0.280400799338563,0.295,1,0,11,0.6799259944495836,0
0.08891232851496167,77.321,0,0,2,0.6799259944495836,0
0.08891232851496167,0.024,1,0,19,0.6799259944495836,0
0.08891232851496167,5.527,0,0,5,0.6799259944495836,0
0.08891232851496167,5.425,0,0,6,0.6799259944495836,0
0.08891232851496167,1.3090000000000002,0,0,9,0.6799259944495836,0
0.08891232851496167,0.716,0,0,10,0.6799259944495836,0
0.0,0.001,1,0,23,0.6799259944495836,0
0.0,40.025,0,0,3,0.6799259944495836,0
0.0,11.519,0,0,4,0.6799259944495836,0
0.0,1.775,0,0,7,0.6799259944495836,0
0.0,1.643,0,0,8,0.6799259944495836,0
0.0,0.207,1,0,12,0.6799259944495836,0
0.0,0.001,1,0,22,0.6799259944495836,0
0.0,0.16699999999999998,1,0,13,0.6799259944495836,0
0.0,0.14400000000000002,1,0,14,0.6799259944495836,0
0.0,0.13,1,0,15,0.6799259944495836,0
0.0,0.061,1,0,16,0.6799259944495836,0
0.0,0.044000000000000004,1,0,17,0.6799259944495836,0
0.0,0.044000000000000004,1,0,18,0.6799259944495836,0
0.0,0.011000000000000001,1,0,20,0.6799259944495836,0
0.0,0.003,1,0,21,0.6799259944495836,0
0.0,173.002,0,0,1,0.6799259944495836,0
rank_index,time,class,failures,ranking,nfpa,DDP
0.280400799338563,0.33399999999999996,1,0,11,0.6799259944495836,0
0.08891232851496167,76.566,0,0,2,0.6799259944495836,0
0.08891232851496167,0.02,1,0,19,0.6799259944495836,0
0.08891232851496167,5.539,0,0,5,0.6799259944495836,0
0.08891232851496167,5.417999999999999,0,0,6,0.6799259944495836,0
0.08891232851496167,1.3459999999999999,0,0,9,0.6799259944495836,0
0.08891232851496167,0.71,0,0,10,0.6799259944495836,0
0.0,0.0,1,0,23,0.6799259944495836,0
0.0,39.741,0,0,3,0.6799259944495836,0
0.0,11.548,0,0,4,0.6799259944495836,0
0.0,1.653,0,0,7,0.6799259944495836,0
0.0,1.6380000000000001,0,0,8,0.6799259944495836,0
0.0,0.254,1,0,12,0.6799259944495836,0
0.0,0.001,1,0,22,0.6799259944495836,0
0.0,0.23,1,0,13,0.6799259944495836,0
0.0,0.13699999999999998,1,0,14,0.6799259944495836,0
0.0,0.126,1,0,15,0.6799259944495836,0
0.0,0.064,1,0,16,0.6799259944495836,0
0.0,0.042,1,0,17,0.6799259944495836,0
0.0,0.042,1,0,18,0.6799259944495836,0
0.0,0.011000000000000001,1,0,20,0.6799259944495836,0
0.0,0.001,1,0,21,0.6799259944495836,0
0.0,172.092,0,0,1,0.6799259944495836,0
rank_index,time,class,failures,ranking,nfpa,DDP
0.280400799338563,0.253,1,0,10,0.7396761133603237,0
0.08891232851496167,0.021,1,0,18,0.7396761133603237,0
0.08891232851496167,5.9670000000000005,0,0,4,0.7396761133603237,0
0.08891232851496167,5.414,0,0,5,0.7396761133603237,0
0.08891232851496167,1.31,0,0,8,0.7396761133603237,0
0.08891232851496167,0.7090000000000001,0,0,9,0.7396761133603237,0
0.08891232851496167,77.4,0,0,1,0.7396761133603237,0
0.0,0.17600000000000002,1,0,12,0.7396761133603237,0
0.0,0.22899999999999998,1,0,11,0.7396761133603237,0
0.0,0.146,1,0,13,0.7396761133603237,0
0.0,0.132,1,0,14,0.7396761133603237,0
0.0,0.052000000000000005,1,0,15,0.7396761133603237,0
0.0,1.651,0,0,7,0.7396761133603237,0
0.0,1.682,0,0,6,0.7396761133603237,0
0.0,0.049,1,0,16,0.7396761133603237,0
0.0,0.044000000000000004,1,0,17,0.7396761133603237,0
0.0,11.667,0,0,3,0.7396761133603237,0
0.0,42.441,0,0,2,0.7396761133603237,0
0.0,0.012,1,0,19,0.7396761133603237,0
rank_index,time,class,failures,ranking,nfpa,DDP
0.280400799338563,0.376,1,0,11,0.677733860342556,0
0.08891232851496167,0.7090000000000001,0,0,10,0.677733860342556,0
0.08891232851496167,76.73899999999999,0,0,2,0.677733860342556,0
0.08891232851496167,0.024,1,0,19,0.677733860342556,0
0.08891232851496167,5.542999999999999,0,0,5,0.677733860342556,0
0.08891232851496167,5.303,0,0,6,0.677733860342556,0
0.08891232851496167,1.375,0,0,9,0.677733860342556,0
0.0,39.735,0,0,3,0.677733860342556,0
0.0,11.293,0,0,4,0.677733860342556,0
0.0,1.685,0,0,7,0.677733860342556,0
0.0,1.65,0,0,8,0.677733860342556,0
0.0,0.0,1,0,22,0.677733860342556,0
0.0,0.002,1,0,21,0.677733860342556,0
0.0,0.2,1,0,12,0.677733860342556,0
0.0,0.188,1,0,13,0.677733860342556,0
0.0,0.139,1,0,14,0.677733860342556,0
0.0,0.126,1,0,15,0.677733860342556,0
0.0,0.062,1,0,16,0.677733860342556,0
0.0,0.042,1,0,17,0.677733860342556,0
0.0,0.040999999999999995,1,0,18,0.677733860342556,0
0.0,0.011000000000000001,1,0,20,0.677733860342556,0
0.0,172.98,0,0,1,0.677733860342556,0
rank_index,time,class,failures,ranking,nfpa,DDP
0.280400799338563,0.526,0,0,12,0.6628571428571429,0
0.08891232851496167,0.71,0,0,11,0.6628571428571429,0
0.08891232851496167,78.139,0,0,2,0.6628571428571429,0
0.08891232851496167,0.02,1,0,20,0.6628571428571429,0
0.08891232851496167,5.582999999999999,0,0,5,0.6628571428571429,0
0.08891232851496167,5.466,0,0,6,0.6628571428571429,0
0.08891232851496167,1.383,0,0,9,0.6628571428571429,0
0.0,42.20399999999999,0,0,3,0.6628571428571429,0
0.0,13.379000000000001,0,0,4,0.6628571428571429,0
0.0,2.048,0,0,7,0.6628571428571429,0
0.0,1.68,0,0,8,0.6628571428571429,0
0.0,0.7240000000000001,0,0,10,0.6628571428571429,0
0.0,0.0,1,0,24,0.6628571428571429,0
0.0,0.001,1,0,23,0.6628571428571429,0
0.0,0.507,0,0,13,0.6628571428571429,0
0.0,0.39,0,0,14,0.6628571428571429,0
0.0,0.134,1,0,15,0.6628571428571429,0
0.0,0.121,1,0,16,0.6628571428571429,0
0.0,0.115,1,0,17,0.6628571428571429,0
0.0,0.115,1,0,18,0.6628571428571429,0
0.0,0.04,1,0,19,0.6628571428571429,0
0.0,0.011000000000000001,1,0,21,0.6628571428571429,0
0.0,0.002,1,0,22,0.6628571428571429,0
0.0,177.33599999999998,0,0,1,0.6628571428571429,0
rank_index,time,class,failures,ranking,nfpa,DDP
0.280400799338563,0.5720000000000001,0,0,11,0.7299077733860344,0
0.1607085143039403,0.001,1,0,22,0.7299077733860344,0
0.08891232851496167,0.7090000000000001,0,0,10,0.7299077733860344,0
0.08891232851496167,0.022000000000000002,1,0,19,0.7299077733860344,0
0.08891232851496167,77.96300000000001,0,0,2,0.7299077733860344,0
0.08891232851496167,5.596,0,0,5,0.7299077733860344,0
0.08891232851496167,5.457000000000001,0,0,6,0.7299077733860344,0
0.08891232851496167,1.393,0,0,9,0.7299077733860344,0
0.0,42.04600000000001,0,0,3,0.7299077733860344,0
0.0,13.232000000000001,0,0,4,0.7299077733860344,0
0.0,2.195,0,0,7,0.7299077733860344,0
0.0,1.712,0,0,8,0.7299077733860344,0
0.0,0.011000000000000001,1,0,20,0.7299077733860344,0
0.0,0.001,1,0,21,0.7299077733860344,0
0.0,0.518,0,0,12,0.7299077733860344,0
0.0,0.294,1,0,13,0.7299077733860344,0
0.0,0.146,1,0,14,0.7299077733860344,0
0.0,0.122,1,0,15,0.7299077733860344,0
0.0,0.11900000000000001,1,0,16,0.7299077733860344,0
0.0,0.094,1,0,17,0.7299077733860344,0
0.0,0.043,1,0,18,0.7299077733860344,0
0.0,177.35,0,0,1,0.7299077733860344,0
rank_index,time,class,failures,ranking,nfpa,DDP
0.280400799338563,0.618,0,0,10,0.6418000604047117,0
0.08891232851496167,77.935,0,0,1,0.6418000604047117,0
0.08891232851496167,0.019,1,0,19,0.6418000604047117,0
0.08891232851496167,6.145,0,0,4,0.6418000604047117,0
0.08891232851496167,5.367000000000001,0,0,5,0.6418000604047117,0
0.08891232851496167,1.4140000000000001,0,0,8,0.6418000604047117,0
0.08891232851496167,0.708,0,0,9,0.6418000604047117,0
0.0,45.18600000000001,0,0,2,0.6418000604047117,0
0.0,13.96,0,0,3,0.6418000604047117,0
0.0,2.344,0,0,6,0.6418000604047117,0
0.0,1.692,0,0,7,0.6418000604047117,0
0.0,0.002,1,0,21,0.6418000604047117,0
0.0,0.013000000000000001,1,0,20,0.6418000604047117,0
0.0,0.392,0,0,12,0.6418000604047117,0
0.0,0.155,1,0,13,0.6418000604047117,0
0.0,0.129,1,0,14,0.6418000604047117,0
0.0,0.124,1,0,15,0.6418000604047117,0
0.0,0.12300000000000001,1,0,16,0.6418000604047117,0
0.0,0.11900000000000001,1,0,17,0.6418000604047117,0
0.0,0.057,1,0,18,0.6418000604047117,0
0.0,0.523,0,0,11,0.6418000604047117,0
rank_index,time,class,failures,ranking,nfpa,DDP
0.280400799338563,0.633,0,0,12,0.6959156785243741,0
0.08891232851496167,0.7090000000000001,0,0,10,0.6959156785243741,0
0.08891232851496167,77.53399999999999,0,0,2,0.6959156785243741,0
0.08891232851496167,0.018000000000000002,1,0,19,0.6959156785243741,0
0.08891232851496167,5.603,0,0,5,0.6959156785243741,0
0.08891232851496167,5.51,0,0,6,0.6959156785243741,0
0.08891232851496167,1.3419999999999999,0,0,9,0.6959156785243741,0
0.0,0.0,1,0,22,0.6959156785243741,0
0.0,41.942,0,0,3,0.6959156785243741,0
0.0,13.472000000000001,0,0,4,0.6959156785243741,0
0.0,2.2969999999999997,0,0,7,0.6959156785243741,0
0.0,1.6909999999999998,0,0,8,0.6959156785243741,0
0.0,0.65,0,0,11,0.6959156785243741,0
0.0,0.002,1,0,21,0.6959156785243741,0
0.0,0.32,1,0,13,0.6959156785243741,0
0.0,0.14300000000000002,1,0,14,0.6959156785243741,0
0.0,0.142,1,0,15,0.6959156785243741,0
0.0,0.135,1,0,16,0.6959156785243741,0
0.0,0.114,1,0,17,0.6959156785243741,0
0.0,0.057,1,0,18,0.6959156785243741,0
0.0,0.012,1,0,20,0.6959156785243741,0
0.0,177.34,0,0,1,0.6959156785243741,0
rank_index,time,class,failures,ranking,nfpa,DDP
0.280400799338563,0.511,0,0,11,0.7275747508305648,0
0.08891232851496167,0.71,0,0,9,0.7275747508305648,0
0.08891232851496167,6.212999999999999,0,0,4,0.7275747508305648,0
0.08891232851496167,5.337999999999999,0,0,5,0.7275747508305648,0
0.08891232851496167,1.341,0,0,8,0.7275747508305648,0
0.08891232851496167,78.028,0,0,1,0.7275747508305648,0
0.08891232851496167,0.02,1,0,19,0.7275747508305648,0
0.0,0.124,1,0,15,0.7275747508305648,0
0.0,0.126,1,0,14,0.7275747508305648,0
0.0,0.141,1,0,13,0.7275747508305648,0
0.0,0.33299999999999996,1,0,12,0.7275747508305648,0
0.0,0.012,1,0,20,0.7275747508305648,0
0.0,0.513,0,0,10,0.7275747508305648,0
0.0,0.12300000000000001,1,0,16,0.7275747508305648,0
0.0,0.10400000000000001,1,0,17,0.7275747508305648,0
0.0,1.631,0,0,7,0.7275747508305648,0
0.0,2.315,0,0,6,0.7275747508305648,0
0.0,0.042,1,0,18,0.7275747508305648,0
0.0,13.839,0,0,3,0.7275747508305648,0
0.0,45.54,0,0,2,0.7275747508305648,0
0.0,0.0,1,0,21,0.7275747508305648,0
rank_index,time,class,failures,ranking,nfpa,DDP
0.280400799338563,0.573,0,0,13,0.6681472822910581,0
0.1607085143039403,0.017,1,0,23,0.6681472822910581,0
0.08891232851496167,77.808,0,0,2,0.6681472822910581,0
0.08891232851496167,5.607,0,0,5,0.6681472822910581,0
0.08891232851496167,0.021,1,0,22,0.6681472822910581,0
0.08891232851496167,5.364,0,0,6,0.6681472822910581,0
0.08891232851496167,1.375,0,0,10,0.6681472822910581,0
0.08891232851496167,0.718,0,0,12,0.6681472822910581,0
0.0,0.0,1,0,29,0.6681472822910581,0
0.0,42.248000000000005,0,0,3,0.6681472822910581,0
0.0,13.892999999999999,0,0,4,0.6681472822910581,0
0.0,5.189,0,0,7,0.6681472822910581,0
0.0,2.387,0,0,8,0.6681472822910581,0
0.0,1.632,0,0,9,0.6681472822910581,0
0.0,0.8590000000000001,0,0,11,0.6681472822910581,0
0.0,0.35700000000000004,1,0,15,0.6681472822910581,0
0.0,0.508,0,0,14,0.6681472822910581,0
0.0,0.001,1,0,28,0.6681472822910581,0
0.0,0.14300000000000002,1,0,16,0.6681472822910581,0
0.0,0.127,1,0,17,0.6681472822910581,0
0.0,0.113,1,0,18,0.6681472822910581,0
0.0,0.109,1,0,19,0.6681472822910581,0
0.0,0.040999999999999995,1,0,20,0.6681472822910581,0
0.0,0.022000000000000002,1,0,21,0.6681472822910581,0
0.0,0.016,1,0,24,0.6681472822910581,0
0.0,0.013999999999999999,1,0,25,0.6681472822910581,0
0.0,0.011000000000000001,1,0,26,0.6681472822910581,0
0.0,0.001,1,0,27,0.6681472822910581,0
0.0,177.484,0,0,1,0.6681472822910581,0
rank_index,time,class,failures,ranking,nfpa,DDP
0.1607085143039403,0.003,1,0,10,0.8738461538461538,0
0.08891232851496167,5.35,0,0,6,0.8738461538461538,0
0.08891232851496167,5.595,0,0,5,0.8738461538461538,0
0.08891232851496167,77.75399999999999,0,0,2,0.8738461538461538,0
0.0,0.001,1,0,12,0.8738461538461538,0
0.0,0.001,1,0,11,0.8738461538461538,0
0.0,0.02,1,0,9,0.8738461538461538,0
0.0,0.02,1,0,8,0.8738461538461538,0
0.0,1.966,0,0,7,0.8738461538461538,0
0.0,13.842,0,0,4,0.8738461538461538,0
0.0,42.583,0,0,3,0.8738461538461538,0
0.0,177.71099999999998,0,0,1,0.8738461538461538,0
rank_index,time,class,failures,ranking,nfpa,DDP
0.280400799338563,0.552,0,0,13,0.6703331570597569,0
0.1607085143039403,0.004,1,0,26,0.6703331570597569,0
0.08891232851496167,78.00399999999999,0,0,2,0.6703331570597569,0
0.08891232851496167,5.6,0,0,5,0.6703331570597569,0
0.08891232851496167,5.341,0,0,6,0.6703331570597569,0
0.08891232851496167,0.022000000000000002,1,0,22,0.6703331570597569,0
0.08891232851496167,1.371,0,0,10,0.6703331570597569,0
0.08891232851496167,0.718,0,0,12,0.6703331570597569,0
0.0,0.0,1,0,30,0.6703331570597569,0
0.0,0.535,0,0,14,0.6703331570597569,0
0.0,42.25,0,0,3,0.6703331570597569,0
0.0,13.690999999999999,0,0,4,0.6703331570597569,0
0.0,5.1160000000000005,0,0,7,0.6703331570597569,0
0.0,2.305,0,0,8,0.6703331570597569,0
0.0,1.636,0,0,9,0.6703331570597569,0
0.0,0.795,0,0,11,0.6703331570597569,0
0.0,0.345,1,0,15,0.6703331570597569,0
0.0,0.001,1,0,29,0.6703331570597569,0
0.0,0.139,1,0,16,0.6703331570597569,0
0.0,0.126,1,0,17,0.6703331570597569,0
0.0,0.114,1,0,18,0.6703331570597569,0
0.0,0.113,1,0,19,0.6703331570597569,0
0.0,0.046,1,0,20,0.6703331570597569,0
0.0,0.028999999999999998,1,0,21,0.6703331570597569,0
0.0,0.019,1,0,23,0.6703331570597569,0
0.0,0.017,1,0,24,0.6703331570597569,0
0.0,0.012,1,0,25,0.6703331570597569,0
0.0,0.001,1,0,27,0.6703331570597569,0
0.0,0.001,1,0,28,0.6703331570597569,0
0.0,177.576,0,0,1,0.6703331570597569,0
rank_index,time,class,failures,ranking,nfpa,DDP
0.1607085143039403,0.003,1,0,10,0.8738461538461538,0
0.08891232851496167,5.456,0,0,6,0.8738461538461538,0
0.08891232851496167,5.604,0,0,5,0.8738461538461538,0
0.08891232851496167,78.027,0,0,2,0.8738461538461538,0
0.0,0.0,1,0,12,0.8738461538461538,0
0.0,0.001,1,0,11,0.8738461538461538,0
0.0,0.018000000000000002,1,0,9,0.8738461538461538,0
0.0,0.021,1,0,8,0.8738461538461538,0
0.0,2.035,0,0,7,0.8738461538461538,0
0.0,13.788,0,0,4,0.8738461538461538,0
0.0,42.266999999999996,0,0,3,0.8738461538461538,0
0.0,177.544,0,0,1,0.8738461538461538,0
rank_index,time,class,failures,ranking,nfpa,DDP
0.08891232851496167,1.6230000000000002,0,0,4,0.6842105263157896,0
0.08891232851496167,5.468999999999999,0,0,3,0.6842105263157896,0
0.08891232851496167,6.16,0,0,2,0.6842105263157896,0
0.08891232851496167,78.737,0,0,1,0.6842105263157896,0
0.0,0.046,1,0,9,0.6842105263157896,0
0.0,0.127,1,0,8,0.6842105263157896,0
0.0,0.158,1,0,7,0.6842105263157896,0
0.0,0.165,1,0,6,0.6842105263157896,0
0.0,0.187,1,0,5,0.6842105263157896,0
rank_index,time,class,failures,ranking,nfpa,DDP
0.280400799338563,0.615,0,0,11,0.6855699855699855,0
0.1607085143039403,0.003,1,0,23,0.6855699855699855,0
0.08891232851496167,77.358,0,0,2,0.6855699855699855,0
0.08891232851496167,0.017,1,0,21,0.6855699855699855,0
0.08891232851496167,5.598,0,0,5,0.6855699855699855,0
0.08891232851496167,5.4879999999999995,0,0,6,0.6855699855699855,0
0.08891232851496167,1.386,0,0,9,0.6855699855699855,0
0.08891232851496167,0.72,0,0,10,0.6855699855699855,0
0.0,0.0,1,0,27,0.6855699855699855,0
0.0,0.5539999999999999,0,0,12,0.6855699855699855,0
0.0,42.251999999999995,0,0,3,0.6855699855699855,0
0.0,13.878,0,0,4,0.6855699855699855,0
0.0,2.309,0,0,7,0.6855699855699855,0
0.0,1.6480000000000001,0,0,8,0.6855699855699855,0
0.0,0.131,1,0,14,0.6855699855699855,0
0.0,0.387,1,0,13,0.6855699855699855,0
0.0,0.001,1,0,26,0.6855699855699855,0
0.0,0.125,1,0,15,0.6855699855699855,0
0.0,0.121,1,0,16,0.6855699855699855,0
0.0,0.115,1,0,17,0.6855699855699855,0
0.0,0.042,1,0,18,0.6855699855699855,0
0.0,0.023,1,0,19,0.6855699855699855,0
0.0,0.017,1,0,20,0.6855699855699855,0
0.0,0.012,1,0,22,0.6855699855699855,0
0.0,0.002,1,0,24,0.6855699855699855,0
0.0,0.001,1,0,25,0.6855699855699855,0
0.0,177.61599999999999,0,0,1,0.6855699855699855,0
rank_index,time,class,failures,ranking,nfpa,DDP
0.280400799338563,0.613,0,0,11,0.6953717142396386,0
0.1607085143039403,0.004,1,0,23,0.6953717142396386,0
0.08891232851496167,77.839,0,0,2,0.6953717142396386,0
0.08891232851496167,0.021,1,0,20,0.6953717142396386,0
0.08891232851496167,5.569,0,0,5,0.6953717142396386,0
0.08891232851496167,5.471,0,0,6,0.6953717142396386,0
0.08891232851496167,1.5490000000000002,0,0,9,0.6953717142396386,0
0.08891232851496167,0.718,0,0,10,0.6953717142396386,0
0.0,0.0,1,0,26,0.6953717142396386,0
0.0,0.598,0,0,12,0.6953717142396386,0
0.0,42.33,0,0,3,0.6953717142396386,0
0.0,14.038,0,0,4,0.6953717142396386,0
0.0,2.399,0,0,7,0.6953717142396386,0
0.0,1.681,0,0,8,0.6953717142396386,0
0.0,0.42700000000000005,0,0,13,0.6953717142396386,0
0.0,0.001,1,0,25,0.6953717142396386,0
0.0,0.149,1,0,14,0.6953717142396386,0
0.0,0.132,1,0,15,0.6953717142396386,0
0.0,0.132,1,0,16,0.6953717142396386,0
0.0,0.122,1,0,17,0.6953717142396386,0
0.0,0.052000000000000005,1,0,18,0.6953717142396386,0
0.0,0.023,1,0,19,0.6953717142396386,0
0.0,0.016,1,0,21,0.6953717142396386,0
0.0,0.013000000000000001,1,0,22,0.6953717142396386,0
0.0,0.001,1,0,24,0.6953717142396386,0
0.0,177.834,0,0,1,0.6953717142396386,0
rank_index,time,class,failures,ranking,nfpa,DDP
0.1607085143039403,0.003,1,0,10,0.8738461538461538,0
0.08891232851496167,5.47,0,0,6,0.8738461538461538,0
0.08891232851496167,5.579,0,0,5,0.8738461538461538,0
0.08891232851496167,77.495,0,0,2,0.8738461538461538,0
0.0,0.0,1,0,12,0.8738461538461538,0
0.0,0.001,1,0,11,0.8738461538461538,0
0.0,0.019,1,0,9,0.8738461538461538,0
0.0,0.02,1,0,8,0.8738461538461538,0
0.0,2.056,0,0,7,0.8738461538461538,0
0.0,14.001,0,0,4,0.8738461538461538,0
0.0,42.129,0,0,3,0.8738461538461538,0
0.0,177.171,0,0,1,0.8738461538461538,0
rank_index,time,class,failures,ranking,nfpa,DDP
0.280400799338563,0.644,0,0,10,0.7396761133603237,0
0.08891232851496167,0.016,1,0,18,0.7396761133603237,0
0.08891232851496167,6.018,0,0,4,0.7396761133603237,0
0.08891232851496167,5.224,0,0,5,0.7396761133603237,0
0.08891232851496167,1.287,0,0,8,0.7396761133603237,0
0.08891232851496167,0.726,0,0,9,0.7396761133603237,0
0.08891232851496167,76.624,0,0,1,0.7396761133603237,0
0.0,0.384,1,0,12,0.7396761133603237,0
0.0,0.461,0,0,11,0.7396761133603237,0
0.0,0.14,1,0,13,0.7396761133603237,0
0.0,0.13,1,0,14,0.7396761133603237,0
0.0,0.125,1,0,15,0.7396761133603237,0
0.0,1.6769999999999998,0,0,7,0.7396761133603237,0
0.0,2.2119999999999997,0,0,6,0.7396761133603237,0
0.0,0.11800000000000001,1,0,16,0.7396761133603237,0
0.0,0.038,1,0,17,0.7396761133603237,0
0.0,12.862,0,0,3,0.7396761133603237,0
0.0,39.32,0,0,2,0.7396761133603237,0
0.0,0.012,1,0,19,0.7396761133603237,0
rank_index,time,class,failures,ranking,nfpa,DDP
0.280400799338563,0.555,0,0,10,0.7396761133603237,0
0.08891232851496167,0.02,1,0,18,0.7396761133603237,0
0.08891232851496167,6.1160000000000005,0,0,4,0.7396761133603237,0
0.08891232851496167,5.225,0,0,5,0.7396761133603237,0
0.08891232851496167,1.3359999999999999,0,0,8,0.7396761133603237,0
0.08891232851496167,0.721,0,0,9,0.7396761133603237,0
0.08891232851496167,76.506,0,0,1,0.7396761133603237,0
0.0,0.381,1,0,12,0.7396761133603237,0
0.0,0.521,0,0,11,0.7396761133603237,0
0.0,0.136,1,0,13,0.7396761133603237,0
0.0,0.126,1,0,14,0.7396761133603237,0
0.0,0.121,1,0,15,0.7396761133603237,0
0.0,1.761,0,0,7,0.7396761133603237,0
0.0,2.209,0,0,6,0.7396761133603237,0
0.0,0.11699999999999999,1,0,16,0.7396761133603237,0
0.0,0.040999999999999995,1,0,17,0.7396761133603237,0
0.0,12.600999999999999,0,0,3,0.7396761133603237,0
0.0,39.355,0,0,2,0.7396761133603237,0
0.0,0.012,1,0,19,0.7396761133603237,0
rank_index,time,class,failures,ranking,nfpa,DDP
0.280400799338563,0.555,0,0,10,0.7396761133603237,0
0.08891232851496167,0.023,1,0,18,0.7396761133603237,0
0.08891232851496167,6.064,0,0,4,0.7396761133603237,0
0.08891232851496167,5.2410000000000005,0,0,5,0.7396761133603237,0
0.08891232851496167,1.389,0,0,8,0.7396761133603237,0
0.08891232851496167,0.7190000000000001,0,0,9,0.7396761133603237,0
0.08891232851496167,76.563,0,0,1,0.7396761133603237,0
0.0,0.366,1,0,12,0.7396761133603237,0
0.0,0.502,0,0,11,0.7396761133603237,0
0.0,0.131,1,0,13,0.7396761133603237,0
0.0,0.124,1,0,14,0.7396761133603237,0
0.0,0.11900000000000001,1,0,15,0.7396761133603237,0
0.0,1.666,0,0,7,0.7396761133603237,0
0.0,2.233,0,0,6,0.7396761133603237,0
0.0,0.114,1,0,16,0.7396761133603237,0
0.0,0.042,1,0,17,0.7396761133603237,0
0.0,12.523,0,0,3,0.7396761133603237,0
0.0,38.921,0,0,2,0.7396761133603237,0
0.0,0.012,1,0,19,0.7396761133603237,0
rank_index,time,class,failures,ranking,nfpa,DDP
0.280400799338563,0.5379999999999999,0,0,12,0.6963393001128851,0
0.1607085143039403,0.002,1,0,23,0.6963393001128851,0
0.08891232851496167,77.82600000000001,0,0,2,0.6963393001128851,0
0.08891232851496167,0.019,1,0,21,0.6963393001128851,0
0.08891232851496167,5.647,0,0,5,0.6963393001128851,0
0.08891232851496167,5.358,0,0,6,0.6963393001128851,0
0.08891232851496167,1.4180000000000001,0,0,9,0.6963393001128851,0
0.08891232851496167,0.7190000000000001,0,0,10,0.6963393001128851,0
0.0,0.0,1,0,26,0.6963393001128851,0
0.0,41.818000000000005,0,0,3,0.6963393001128851,0
0.0,13.431,0,0,4,0.6963393001128851,0
0.0,2.109,0,0,7,0.6963393001128851,0
0.0,1.636,0,0,8,0.6963393001128851,0
0.0,0.574,0,0,11,0.6963393001128851,0
0.0,0.349,1,0,13,0.6963393001128851,0
0.0,0.001,1,0,25,0.6963393001128851,0
0.0,0.128,1,0,14,0.6963393001128851,0
0.0,0.11199999999999999,1,0,15,0.6963393001128851,0
0.0,0.11,1,0,16,0.6963393001128851,0
0.0,0.08900000000000001,1,0,17,0.6963393001128851,0
0.0,0.038,1,0,18,0.6963393001128851,0
0.0,0.025,1,0,19,0.6963393001128851,0
0.0,0.023,1,0,20,0.6963393001128851,0
0.0,0.016,1,0,22,0.6963393001128851,0
0.0,0.001,1,0,24,0.6963393001128851,0
0.0,177.606,0,0,1,0.6963393001128851,0
rank_index,time,class,failures,ranking,nfpa,DDP
0.280400799338563,0.185,1,0,12,0.8864468864468865,0
0.280400799338563,0.611,0,0,9,0.8864468864468865,0
0.08891232851496167,5.255,0,0,6,0.8864468864468865,0
0.08891232851496167,5.47,0,0,5,0.8864468864468865,0
0.08891232851496167,76.325,0,0,2,0.8864468864468865,0
0.0,0.11599999999999999,1,0,13,0.8864468864468865,0
0.0,0.33899999999999997,1,0,11,0.8864468864468865,0
0.0,0.5579999999999999,0,0,10,0.8864468864468865,0
0.0,2.294,0,0,8,0.8864468864468865,0
0.0,5.225,0,0,7,0.8864468864468865,0
0.0,12.505999999999998,0,0,4,0.8864468864468865,0
0.0,36.15,0,0,3,0.8864468864468865,0
0.0,177.709,0,0,1,0.8864468864468865,0
rank_index,time,class,failures,ranking,nfpa,DDP
0.280400799338563,0.551,0,0,12,0.7330698287220027,0
0.1607085143039403,0.001,1,0,21,0.7330698287220027,0
0.08891232851496167,1.28,0,0,9,0.7330698287220027,0
0.08891232851496167,76.111,0,0,2,0.7330698287220027,0
0.08891232851496167,0.021,1,0,19,0.7330698287220027,0
0.08891232851496167,5.461,0,0,5,0.7330698287220027,0
0.08891232851496167,5.233,0,0,6,0.7330698287220027,0
0.08891232851496167,0.7240000000000001,0,0,10,0.7330698287220027,0
0.0,0.0,1,0,22,0.7330698287220027,0
0.0,36.273,0,0,3,0.7330698287220027,0
0.0,11.8,0,0,4,0.7330698287220027,0
0.0,2.253,0,0,7,0.7330698287220027,0
0.0,1.771,0,0,8,0.7330698287220027,0
0.0,0.5579999999999999,0,0,11,0.7330698287220027,0
0.0,0.335,1,0,13,0.7330698287220027,0
0.0,0.131,1,0,14,0.7330698287220027,0
0.0,0.128,1,0,15,0.7330698287220027,0
0.0,0.11800000000000001,1,0,16,0.7330698287220027,0
0.0,0.11800000000000001,1,0,17,0.7330698287220027,0
0.0,0.040999999999999995,1,0,18,0.7330698287220027,0
0.0,0.013000000000000001,1,0,20,0.7330698287220027,0
0.0,177.467,0,0,1,0.7330698287220027,0
rank_index,time,class,failures,ranking,nfpa,DDP
0.280400799338563,0.23399999999999999,1,0,12,0.894993894993895,0
0.280400799338563,0.545,0,0,9,0.894993894993895,0
0.08891232851496167,5.101,0,0,7,0.894993894993895,0
0.08891232851496167,5.4510000000000005,0,0,5,0.894993894993895,0
0.08891232851496167,76.39399999999999,0,0,2,0.894993894993895,0
0.0,0.18,1,0,13,0.894993894993895,0
0.0,0.397,0,0,11,0.894993894993895,0
0.0,0.43200000000000005,0,0,10,0.894993894993895,0
0.0,2.154,0,0,8,0.894993894993895,0
0.0,5.191,0,0,6,0.894993894993895,0
0.0,12.575,0,0,4,0.894993894993895,0
0.0,36.347,0,0,3,0.894993894993895,0
0.0,177.50599999999997,0,0,1,0.894993894993895,0
rank_index,time,class,failures,ranking,nfpa,DDP
0.280400799338563,0.22899999999999998,1,0,12,0.8937728937728938,0
0.280400799338563,0.48700000000000004,0,0,10,0.8937728937728938,0
0.08891232851496167,5.229,0,0,6,0.8937728937728938,0
0.08891232851496167,5.485,0,0,5,0.8937728937728938,0
0.08891232851496167,76.158,0,0,2,0.8937728937728938,0
0.0,0.11800000000000001,1,0,13,0.8937728937728938,0
0.0,0.36200000000000004,1,0,11,0.8937728937728938,0
0.0,0.504,0,0,9,0.8937728937728938,0
0.0,2.1590000000000003,0,0,8,0.8937728937728938,0
0.0,5.172000000000001,0,0,7,0.8937728937728938,0
0.0,12.234000000000002,0,0,4,0.8937728937728938,0
0.0,36.47,0,0,3,0.8937728937728938,0
0.0,177.52200000000002,0,0,1,0.8937728937728938,0
rank_index,time,class,failures,ranking,nfpa,DDP
0.280400799338563,0.5710000000000001,0,0,10,0.7341463414634146,0
0.08891232851496167,0.019,1,0,19,0.7341463414634146,0
0.08891232851496167,6.169,0,0,4,0.7341463414634146,0
0.08891232851496167,5.236000000000001,0,0,5,0.7341463414634146,0
0.08891232851496167,1.5319999999999998,0,0,8,0.7341463414634146,0
0.08891232851496167,0.7190000000000001,0,0,9,0.7341463414634146,0
0.08891232851496167,76.49600000000001,0,0,1,0.7341463414634146,0
0.0,0.187,1,0,13,0.7341463414634146,0
0.0,0.377,1,0,12,0.7341463414634146,0
0.0,0.434,0,0,11,0.7341463414634146,0
0.0,0.133,1,0,14,0.7341463414634146,0
0.0,0.129,1,0,15,0.7341463414634146,0
0.0,0.125,1,0,16,0.7341463414634146,0
0.0,1.679,0,0,7,0.7341463414634146,0
0.0,2.141,0,0,6,0.7341463414634146,0
0.0,0.11699999999999999,1,0,17,0.7341463414634146,0
0.0,0.040999999999999995,1,0,18,0.7341463414634146,0
0.0,12.584000000000001,0,0,3,0.7341463414634146,0
0.0,39.122,0,0,2,0.7341463414634146,0
0.0,0.012,1,0,20,0.7341463414634146,0
rank_index,time,class,failures,ranking,nfpa,DDP
0.280400799338563,0.614,0,0,12,0.8181632653061226,0
0.280400799338563,0.23800000000000002,1,0,15,0.8181632653061226,0
0.1607085143039403,0.0,1,0,24,0.8181632653061226,0
0.08891232851496167,0.022000000000000002,1,0,21,0.8181632653061226,0
0.08891232851496167,1.252,0,0,10,0.8181632653061226,0
0.08891232851496167,76.234,0,0,2,0.8181632653061226,0
0.08891232851496167,5.482,0,0,5,0.8181632653061226,0
0.08891232851496167,5.228,0,0,6,0.8181632653061226,0
0.08891232851496167,0.718,0,0,11,0.8181632653061226,0
0.0,0.013000000000000001,1,0,22,0.8181632653061226,0
0.0,0.386,1,0,14,0.8181632653061226,0
0.0,0.512,0,0,13,0.8181632653061226,0
0.0,0.001,1,0,23,0.8181632653061226,0
0.0,0.051,1,0,20,0.8181632653061226,0
0.0,0.136,1,0,16,0.8181632653061226,0
0.0,1.719,0,0,9,0.8181632653061226,0
0.0,2.156,0,0,8,0.8181632653061226,0
0.0,5.204,0,0,7,0.8181632653061226,0
0.0,0.122,1,0,17,0.8181632653061226,0
0.0,0.11800000000000001,1,0,18,0.8181632653061226,0
0.0,12.164000000000001,0,0,4,0.8181632653061226,0
0.0,35.769,0,0,3,0.8181632653061226,0
0.0,0.11699999999999999,1,0,19,0.8181632653061226,0
0.0,177.44400000000002,0,0,1,0.8181632653061226,0
rank_index,time,class,failures,ranking,nfpa,DDP
0.1607085143039403,0.003,1,0,10,0.8738461538461538,0
0.08891232851496167,5.268,0,0,6,0.8738461538461538,0
0.08891232851496167,5.462999999999999,0,0,5,0.8738461538461538,0
0.08891232851496167,76.336,0,0,2,0.8738461538461538,0
0.0,0.0,1,0,12,0.8738461538461538,0
0.0,0.001,1,0,11,0.8738461538461538,0
0.0,0.018000000000000002,1,0,9,0.8738461538461538,0
0.0,0.021,1,0,8,0.8738461538461538,0
0.0,1.986,0,0,7,0.8738461538461538,0
0.0,12.097000000000001,0,0,4,0.8738461538461538,0
0.0,35.809,0,0,3,0.8738461538461538,0
0.0,177.74099999999999,0,0,1,0.8738461538461538,0
rank_index,time,class,failures,ranking,nfpa,DDP
0.280400799338563,0.6,0,0,10,0.7396761133603237,0
0.08891232851496167,0.025,1,0,18,0.7396761133603237,0
0.08891232851496167,6.147,0,0,4,0.7396761133603237,0
0.08891232851496167,5.225,0,0,5,0.7396761133603237,0
0.08891232851496167,1.2919999999999998,0,0,8,0.7396761133603237,0
0.08891232851496167,0.7190000000000001,0,0,9,0.7396761133603237,0
0.08891232851496167,76.229,0,0,1,0.7396761133603237,0
0.0,0.327,1,0,12,0.7396761133603237,0
0.0,0.522,0,0,11,0.7396761133603237,0
0.0,0.125,1,0,13,0.7396761133603237,0
0.0,0.121,1,0,14,0.7396761133603237,0
0.0,0.11599999999999999,1,0,15,0.7396761133603237,0
0.0,1.6569999999999998,0,0,7,0.7396761133603237,0
0.0,2.358,0,0,6,0.7396761133603237,0
0.0,0.113,1,0,16,0.7396761133603237,0
0.0,0.045,1,0,17,0.7396761133603237,0
0.0,12.525,0,0,3,0.7396761133603237,0
0.0,39.498000000000005,0,0,2,0.7396761133603237,0
0.0,0.012,1,0,19,0.7396761133603237,0
rank_index,time,class,failures,ranking,nfpa,DDP
0.280400799338563,0.574,0,0,10,0.7396761133603237,0
0.08891232851496167,0.018000000000000002,1,0,18,0.7396761133603237,0
0.08891232851496167,6.087000000000001,0,0,4,0.7396761133603237,0
0.08891232851496167,5.24,0,0,5,0.7396761133603237,0
0.08891232851496167,1.43,0,0,8,0.7396761133603237,0
0.08891232851496167,0.718,0,0,9,0.7396761133603237,0
0.08891232851496167,76.365,0,0,1,0.7396761133603237,0
0.0,0.40299999999999997,0,0,12,0.7396761133603237,0
0.0,0.521,0,0,11,0.7396761133603237,0
0.0,0.136,1,0,13,0.7396761133603237,0
0.0,0.11800000000000001,1,0,14,0.7396761133603237,0
0.0,0.11800000000000001,1,0,15,0.7396761133603237,0
0.0,1.68,0,0,7,0.7396761133603237,0
0.0,2.411,0,0,6,0.7396761133603237,0
0.0,0.113,1,0,16,0.7396761133603237,0
0.0,0.036000000000000004,1,0,17,0.7396761133603237,0
0.0,12.600999999999999,0,0,3,0.7396761133603237,0
0.0,39.339,0,0,2,0.7396761133603237,0
0.0,0.013000000000000001,1,0,19,0.7396761133603237,0
rank_index,time,class,failures,ranking,nfpa,DDP
0.280400799338563,0.319,1,0,16,0.678409090909091,0
0.280400799338563,0.644,0,0,13,0.678409090909091,0
0.1607085143039403,0.003,1,0,27,0.678409090909091,0
0.1607085143039403,0.0,1,0,31,0.678409090909091,0
0.08891232851496167,5.483,0,0,5,0.678409090909091,0
0.08891232851496167,5.25,0,0,6,0.678409090909091,0
0.08891232851496167,0.018000000000000002,1,0,23,0.678409090909091,0
0.08891232851496167,1.249,0,0,10,0.678409090909091,0
0.08891232851496167,0.718,0,0,12,0.678409090909091,0
0.08891232851496167,76.194,0,0,2,0.678409090909091,0
0.0,12.277999999999999,0,0,4,0.678409090909091,0
0.0,36.273,0,0,3,0.678409090909091,0
0.0,0.537,0,0,14,0.678409090909091,0
0.0,2.334,0,0,8,0.678409090909091,0
0.0,1.625,0,0,9,0.678409090909091,0
0.0,0.799,0,0,11,0.678409090909091,0
0.0,5.207999999999999,0,0,7,0.678409090909091,0
0.0,0.0,1,0,32,0.678409090909091,0
0.0,0.409,0,0,15,0.678409090909091,0
0.0,0.14300000000000002,1,0,17,0.678409090909091,0
0.0,0.14,1,0,18,0.678409090909091,0
0.0,0.139,1,0,19,0.678409090909091,0
0.0,0.114,1,0,20,0.678409090909091,0
0.0,0.042,1,0,21,0.678409090909091,0
0.0,0.037000000000000005,1,0,22,0.678409090909091,0
0.0,0.016,1,0,24,0.678409090909091,0
0.0,0.013000000000000001,1,0,25,0.678409090909091,0
0.0,0.01,1,0,26,0.678409090909091,0
0.0,0.001,1,0,28,0.678409090909091,0
0.0,0.001,1,0,29,0.678409090909091,0
0.0,0.0,1,0,30,0.678409090909091,0
0.0,177.81599999999997,0,0,1,0.678409090909091,0
rank_index,time,class,failures,ranking,nfpa,DDP
0.280400799338563,0.662,0,0,10,0.7396761133603237,0
0.08891232851496167,0.023,1,0,18,0.7396761133603237,0
0.08891232851496167,6.105,0,0,4,0.7396761133603237,0
0.08891232851496167,5.252000000000001,0,0,5,0.7396761133603237,0
0.08891232851496167,1.294,0,0,8,0.7396761133603237,0
0.08891232851496167,0.725,0,0,9,0.7396761133603237,0
0.08891232851496167,76.851,0,0,1,0.7396761133603237,0
0.0,0.43700000000000006,0,0,12,0.7396761133603237,0
0.0,0.5579999999999999,0,0,11,0.7396761133603237,0
0.0,0.14,1,0,13,0.7396761133603237,0
0.0,0.138,1,0,14,0.7396761133603237,0
0.0,0.127,1,0,15,0.7396761133603237,0
0.0,1.8090000000000002,0,0,7,0.7396761133603237,0
0.0,2.431,0,0,6,0.7396761133603237,0
0.0,0.127,1,0,16,0.7396761133603237,0
0.0,0.043,1,0,17,0.7396761133603237,0
0.0,12.745999999999999,0,0,3,0.7396761133603237,0
0.0,39.567,0,0,2,0.7396761133603237,0
0.0,0.012,1,0,19,0.7396761133603237,0
rank_index,time,class,failures,ranking,nfpa,DDP
0.280400799338563,0.584,0,0,10,0.7396761133603237,0
0.08891232851496167,0.02,1,0,18,0.7396761133603237,0
0.08891232851496167,6.071000000000001,0,0,4,0.7396761133603237,0
0.08891232851496167,5.239,0,0,5,0.7396761133603237,0
0.08891232851496167,1.249,0,0,8,0.7396761133603237,0
0.08891232851496167,0.72,0,0,9,0.7396761133603237,0
0.08891232851496167,76.574,0,0,1,0.7396761133603237,0
0.0,0.353,1,0,12,0.7396761133603237,0
0.0,0.479,0,0,11,0.7396761133603237,0
0.0,0.122,1,0,13,0.7396761133603237,0
0.0,0.11900000000000001,1,0,14,0.7396761133603237,0
0.0,0.11699999999999999,1,0,15,0.7396761133603237,0
0.0,1.6540000000000001,0,0,7,0.7396761133603237,0
0.0,2.39,0,0,6,0.7396761133603237,0
0.0,0.11599999999999999,1,0,16,0.7396761133603237,0
0.0,0.039,1,0,17,0.7396761133603237,0
0.0,12.56,0,0,3,0.7396761133603237,0
0.0,39.674,0,0,2,0.7396761133603237,0
0.0,0.013000000000000001,1,0,19,0.7396761133603237,0
rank_index,time,class,failures,ranking,nfpa,DDP
0.280400799338563,0.493,0,0,11,0.6425101214574898,0
0.08891232851496167,76.528,0,0,1,0.6425101214574898,0
0.08891232851496167,1.263,0,0,8,0.6425101214574898,0
0.08891232851496167,6.082999999999999,0,0,4,0.6425101214574898,0
0.08891232851496167,5.239,0,0,5,0.6425101214574898,0
0.08891232851496167,0.019,1,0,18,0.6425101214574898,0
0.08891232851496167,0.7190000000000001,0,0,9,0.6425101214574898,0
0.0,39.218,0,0,2,0.6425101214574898,0
0.0,12.673,0,0,3,0.6425101214574898,0
0.0,2.46,0,0,6,0.6425101214574898,0
0.0,1.6740000000000002,0,0,7,0.6425101214574898,0
0.0,0.012,1,0,19,0.6425101214574898,0
0.0,0.396,0,0,12,0.6425101214574898,0
0.0,0.138,1,0,13,0.6425101214574898,0
0.0,0.127,1,0,14,0.6425101214574898,0
0.0,0.125,1,0,15,0.6425101214574898,0
0.0,0.11599999999999999,1,0,16,0.6425101214574898,0
0.0,0.04,1,0,17,0.6425101214574898,0
0.0,0.552,0,0,10,0.6425101214574898,0
rank_index,time,class,failures,ranking,nfpa,DDP
0.280400799338563,0.643,0,0,10,0.7396761133603237,0
0.08891232851496167,0.022000000000000002,1,0,18,0.7396761133603237,0
0.08891232851496167,6.122999999999999,0,0,4,0.7396761133603237,0
0.08891232851496167,5.14,0,0,5,0.7396761133603237,0
0.08891232851496167,1.253,0,0,8,0.7396761133603237,0
0.08891232851496167,0.7190000000000001,0,0,9,0.7396761133603237,0
0.08891232851496167,76.545,0,0,1,0.7396761133603237,0
0.0,0.428,0,0,12,0.7396761133603237,0
0.0,0.466,0,0,11,0.7396761133603237,0
0.0,0.13699999999999998,1,0,13,0.7396761133603237,0
0.0,0.122,1,0,14,0.7396761133603237,0
0.0,0.11699999999999999,1,0,15,0.7396761133603237,0
0.0,1.77,0,0,7,0.7396761133603237,0
0.0,1.906,0,0,6,0.7396761133603237,0
0.0,0.106,1,0,16,0.7396761133603237,0
0.0,0.039,1,0,17,0.7396761133603237,0
0.0,12.498,0,0,3,0.7396761133603237,0
0.0,39.544000000000004,0,0,2,0.7396761133603237,0
0.0,0.012,1,0,19,0.7396761133603237,0
rank_index,time,class,failures,ranking,nfpa,DDP
0.280400799338563,0.633,0,0,10,0.7396761133603237,0
0.08891232851496167,0.021,1,0,18,0.7396761133603237,0
0.08891232851496167,6.011,0,0,4,0.7396761133603237,0
0.08891232851496167,5.126,0,0,5,0.7396761133603237,0
0.08891232851496167,1.2670000000000001,0,0,8,0.7396761133603237,0
0.08891232851496167,0.72,0,0,9,0.7396761133603237,0
0.08891232851496167,76.507,0,0,1,0.7396761133603237,0
0.0,0.33899999999999997,1,0,12,0.7396761133603237,0
0.0,0.5,0,0,11,0.7396761133603237,0
0.0,0.147,1,0,13,0.7396761133603237,0
0.0,0.131,1,0,14,0.7396761133603237,0
0.0,0.11599999999999999,1,0,15,0.7396761133603237,0
0.0,1.724,0,0,7,0.7396761133603237,0
0.0,2.37,0,0,6,0.7396761133603237,0
0.0,0.11599999999999999,1,0,16,0.7396761133603237,0
0.0,0.044000000000000004,1,0,17,0.7396761133603237,0
0.0,12.954,0,0,3,0.7396761133603237,0
0.0,39.541,0,0,2,0.7396761133603237,0
0.0,0.012,1,0,19,0.7396761133603237,0
rank_index,time,class,failures,ranking,nfpa,DDP
0.280400799338563,0.598,0,0,10,0.6418000604047117,0
0.08891232851496167,76.619,0,0,1,0.6418000604047117,0
0.08891232851496167,0.023,1,0,19,0.6418000604047117,0
0.08891232851496167,6.046,0,0,4,0.6418000604047117,0
0.08891232851496167,5.221,0,0,5,0.6418000604047117,0
0.08891232851496167,1.2919999999999998,0,0,8,0.6418000604047117,0
0.08891232851496167,0.718,0,0,9,0.6418000604047117,0
0.0,38.978,0,0,2,0.6418000604047117,0
0.0,12.617,0,0,3,0.6418000604047117,0
0.0,2.178,0,0,6,0.6418000604047117,0
0.0,1.655,0,0,7,0.6418000604047117,0
0.0,0.0,1,0,21,0.6418000604047117,0
0.0,0.012,1,0,20,0.6418000604047117,0
0.0,0.349,1,0,12,0.6418000604047117,0
0.0,0.16,1,0,13,0.6418000604047117,0
0.0,0.141,1,0,14,0.6418000604047117,0
0.0,0.12,1,0,15,0.6418000604047117,0
0.0,0.11900000000000001,1,0,16,0.6418000604047117,0
0.0,0.11800000000000001,1,0,17,0.6418000604047117,0
0.0,0.040999999999999995,1,0,18,0.6418000604047117,0
0.0,0.457,0,0,11,0.6418000604047117,0
rank_index,time,class,failures,ranking,nfpa,DDP
0.280400799338563,0.626,0,0,10,0.7396761133603237,0
0.08891232851496167,0.02,1,0,18,0.7396761133603237,0
0.08891232851496167,6.082000000000001,0,0,4,0.7396761133603237,0
0.08891232851496167,5.2410000000000005,0,0,5,0.7396761133603237,0
0.08891232851496167,1.473,0,0,8,0.7396761133603237,0
0.08891232851496167,0.7240000000000001,0,0,9,0.7396761133603237,0
0.08891232851496167,76.438,0,0,1,0.7396761133603237,0
0.0,0.331,1,0,12,0.7396761133603237,0
0.0,0.42,0,0,11,0.7396761133603237,0
0.0,0.157,1,0,13,0.7396761133603237,0
0.0,0.14,1,0,14,0.7396761133603237,0
0.0,0.124,1,0,15,0.7396761133603237,0
0.0,1.6440000000000001,0,0,7,0.7396761133603237,0
0.0,2.353,0,0,6,0.7396761133603237,0
0.0,0.12,1,0,16,0.7396761133603237,0
0.0,0.062,1,0,17,0.7396761133603237,0
0.0,12.370999999999999,0,0,3,0.7396761133603237,0
0.0,38.991,0,0,2,0.7396761133603237,0
0.0,0.013000000000000001,1,0,19,0.7396761133603237,0
rank_index,time,class,failures,ranking,nfpa,DDP
0.280400799338563,0.502,0,0,11,0.6425101214574898,0
0.08891232851496167,76.17699999999999,0,0,1,0.6425101214574898,0
0.08891232851496167,1.2590000000000001,0,0,8,0.6425101214574898,0
0.08891232851496167,6.047999999999999,0,0,4,0.6425101214574898,0
0.08891232851496167,5.223,0,0,5,0.6425101214574898,0
0.08891232851496167,0.021,1,0,18,0.6425101214574898,0
0.08891232851496167,0.72,0,0,9,0.6425101214574898,0
0.0,39.705,0,0,2,0.6425101214574898,0
0.0,12.693,0,0,3,0.6425101214574898,0
0.0,2.141,0,0,6,0.6425101214574898,0
0.0,1.6669999999999998,0,0,7,0.6425101214574898,0
0.0,0.012,1,0,19,0.6425101214574898,0
0.0,0.387,1,0,12,0.6425101214574898,0
0.0,0.12300000000000001,1,0,13,0.6425101214574898,0
0.0,0.121,1,0,14,0.6425101214574898,0
0.0,0.12,1,0,15,0.6425101214574898,0
0.0,0.113,1,0,16,0.6425101214574898,0
0.0,0.039,1,0,17,0.6425101214574898,0
0.0,0.521,0,0,10,0.6425101214574898,0
rank_index,time,class,failures,ranking,nfpa,DDP
0.280400799338563,0.555,0,0,10,0.7396761133603237,0
0.08891232851496167,0.021,1,0,18,0.7396761133603237,0
0.08891232851496167,6.062,0,0,4,0.7396761133603237,0
0.08891232851496167,5.237,0,0,5,0.7396761133603237,0
0.08891232851496167,1.3259999999999998,0,0,8,0.7396761133603237,0
0.08891232851496167,0.7190000000000001,0,0,9,0.7396761133603237,0
0.08891232851496167,76.493,0,0,1,0.7396761133603237,0
0.0,0.28800000000000003,1,0,12,0.7396761133603237,0
0.0,0.494,0,0,11,0.7396761133603237,0
0.0,0.13,1,0,13,0.7396761133603237,0
0.0,0.126,1,0,14,0.7396761133603237,0
0.0,0.11599999999999999,1,0,15,0.7396761133603237,0
0.0,1.6580000000000001,0,0,7,0.7396761133603237,0
0.0,2.136,0,0,6,0.7396761133603237,0
0.0,0.113,1,0,16,0.7396761133603237,0
0.0,0.04,1,0,17,0.7396761133603237,0
0.0,12.206,0,0,3,0.7396761133603237,0
0.0,39.504,0,0,2,0.7396761133603237,0
0.0,0.013000000000000001,1,0,19,0.7396761133603237,0
rank_index,time,class,failures,ranking,nfpa,DDP
0.280400799338563,0.626,0,0,12,0.6524051803885291,0.9565217391304348
0.08891232851496167,0.718,0,0,11,0.6524051803885291,0.9565217391304348
0.08891232851496167,5.486000000000001,0,0,4,0.6524051803885291,0.9565217391304348
0.08891232851496167,5.131,0,0,6,0.6524051803885291,0.9565217391304348
0.08891232851496167,1.27,0,0,9,0.6524051803885291,0.9565217391304348
0.08891232851496167,76.66,0,0,1,0.6524051803885291,0.9565217391304348
0.08891232851496167,0.022000000000000002,1,0,20,0.6524051803885291,0.9565217391304348
0.0,0.12,1,0,17,0.6524051803885291,0.9565217391304348
0.0,1.64,0,0,8,0.6524051803885291,0.9565217391304348
0.0,35.952,0,0,2,0.6524051803885291,0.9565217391304348
0.0,12.770999999999999,0,0,3,0.6524051803885291,0.9565217391304348
0.0,0.012,1,0,21,0.6524051803885291,0.9565217391304348
0.0,5.172000000000001,0,0,5,0.6524051803885291,0.9565217391304348
0.0,2.325,0,0,7,0.6524051803885291,0.9565217391304348
0.0,0.042,1,0,19,0.6524051803885291,0.9565217391304348
0.0,0.134,1,0,16,0.6524051803885291,0.9565217391304348
0.0,0.775,0,0,10,0.6524051803885291,0.9565217391304348
0.0,0.1,1,0,18,0.6524051803885291,0.9565217391304348
0.0,0.011000000000000001,1,0,22,0.6524051803885291,0.9565217391304348
0.0,0.534,0,0,13,0.6524051803885291,0.9565217391304348
0.0,0.366,1,0,14,0.6524051803885291,0.9565217391304348
0.0,0.141,1,0,15,0.6524051803885291,0.9565217391304348
0.0,59.828,2,1,23,0.6524051803885291,0.9565217391304348
rank_index,time,class,failures,ranking,nfpa,DDP
0.280400799338563,0.561,0,0,10,0.7396761133603237,0
0.08891232851496167,0.028999999999999998,1,0,18,0.7396761133603237,0
0.08891232851496167,6.077000000000001,0,0,4,0.7396761133603237,0
0.08891232851496167,5.132000000000001,0,0,5,0.7396761133603237,0
0.08891232851496167,1.285,0,0,8,0.7396761133603237,0
0.08891232851496167,0.718,0,0,9,0.7396761133603237,0
0.08891232851496167,76.308,0,0,1,0.7396761133603237,0
0.0,0.312,1,0,12,0.7396761133603237,0
0.0,0.41700000000000004,0,0,11,0.7396761133603237,0
0.0,0.13699999999999998,1,0,13,0.7396761133603237,0
0.0,0.115,1,0,14,0.7396761133603237,0
0.0,0.115,1,0,15,0.7396761133603237,0
0.0,1.663,0,0,7,0.7396761133603237,0
0.0,2.215,0,0,6,0.7396761133603237,0
0.0,0.11,1,0,16,0.7396761133603237,0
0.0,0.04,1,0,17,0.7396761133603237,0
0.0,12.704,0,0,3,0.7396761133603237,0
0.0,39.366,0,0,2,0.7396761133603237,0
0.0,0.013000000000000001,1,0,19,0.7396761133603237,0
rank_index,time,class,failures,ranking,nfpa,DDP
0.280400799338563,0.67,0,0,10,0.7396761133603237,0
0.08891232851496167,0.023,1,0,18,0.7396761133603237,0
0.08891232851496167,6.091,0,0,4,0.7396761133603237,0
0.08891232851496167,5.237,0,0,5,0.7396761133603237,0
0.08891232851496167,1.285,0,0,8,0.7396761133603237,0
0.08891232851496167,0.7170000000000001,0,0,9,0.7396761133603237,0
0.08891232851496167,76.696,0,0,1,0.7396761133603237,0
0.0,0.37799999999999995,1,0,12,0.7396761133603237,0
0.0,0.51,0,0,11,0.7396761133603237,0
0.0,0.142,1,0,13,0.7396761133603237,0
0.0,0.126,1,0,14,0.7396761133603237,0
0.0,0.12300000000000001,1,0,15,0.7396761133603237,0
0.0,1.676,0,0,7,0.7396761133603237,0
0.0,2.305,0,0,6,0.7396761133603237,0
0.0,0.11800000000000001,1,0,16,0.7396761133603237,0
0.0,0.040999999999999995,1,0,17,0.7396761133603237,0
0.0,12.595,0,0,3,0.7396761133603237,0
0.0,39.283,0,0,2,0.7396761133603237,0
0.0,0.012,1,0,19,0.7396761133603237,0
rank_index,time,class,failures,ranking,nfpa,DDP
0.280400799338563,0.682,0,0,11,0.7304347826086958,0
0.08891232851496167,0.718,0,0,10,0.7304347826086958,0
0.08891232851496167,6.0729999999999995,0,0,4,0.7304347826086958,0
0.08891232851496167,5.239,0,0,5,0.7304347826086958,0
0.08891232851496167,1.3219999999999998,0,0,8,0.7304347826086958,0
0.08891232851496167,76.262,0,0,1,0.7304347826086958,0
0.08891232851496167,0.021,1,0,20,0.7304347826086958,0
0.0,0.128,1,0,16,0.7304347826086958,0
0.0,0.15,1,0,15,0.7304347826086958,0
0.0,0.191,1,0,14,0.7304347826086958,0
0.0,0.41200000000000003,0,0,13,0.7304347826086958,0
0.0,0.531,0,0,12,0.7304347826086958,0
0.0,0.012,1,0,21,0.7304347826086958,0
0.0,0.121,1,0,17,0.7304347826086958,0
0.0,0.794,0,0,9,0.7304347826086958,0
0.0,0.11800000000000001,1,0,18,0.7304347826086958,0
0.0,1.646,0,0,7,0.7304347826086958,0
0.0,2.3280000000000003,0,0,6,0.7304347826086958,0
0.0,0.051,1,0,19,0.7304347826086958,0
0.0,12.753,0,0,3,0.7304347826086958,0
0.0,39.496,0,0,2,0.7304347826086958,0
0.0,0.001,1,0,22,0.7304347826086958,0
rank_index,time,class,failures,ranking,nfpa,DDP
0.28674355679549823,61.117,0,0,2,0.715309898242368,0
0.280400799338563,0.6509999999999999,0,0,13,0.715309898242368,0
0.08891232851496167,0.718,0,0,12,0.715309898242368,0
0.08891232851496167,5.468,0,0,5,0.715309898242368,0
0.08891232851496167,5.1370000000000005,0,0,7,0.715309898242368,0
0.08891232851496167,1.288,0,0,10,0.715309898242368,0
0.08891232851496167,76.282,0,0,1,0.715309898242368,0
0.08891232851496167,0.025,1,0,21,0.715309898242368,0
0.0,0.13699999999999998,1,0,16,0.715309898242368,0
0.0,0.355,1,0,15,0.715309898242368,0
0.0,0.489,0,0,14,0.715309898242368,0
0.0,0.133,1,0,17,0.715309898242368,0
0.0,0.012,1,0,22,0.715309898242368,0
0.0,0.8320000000000001,0,0,11,0.715309898242368,0
0.0,0.12,1,0,18,0.715309898242368,0
0.0,1.65,0,0,9,0.715309898242368,0
0.0,2.3280000000000003,0,0,8,0.715309898242368,0
0.0,0.11599999999999999,1,0,19,0.715309898242368,0
0.0,5.221,0,0,6,0.715309898242368,0
0.0,0.048,1,0,20,0.715309898242368,0
0.0,12.52,0,0,4,0.715309898242368,0
0.0,36.537,0,0,3,0.715309898242368,0
0.0,0.012,1,0,23,0.715309898242368,0
rank_index,time,class,failures,ranking,nfpa,DDP
0.280400799338563,0.653,0,0,10,0.7574898785425099,0
0.08891232851496167,0.6990000000000001,0,0,9,0.7574898785425099,0
0.08891232851496167,6.209,0,0,4,0.7574898785425099,0
0.08891232851496167,5.218,0,0,5,0.7574898785425099,0
0.08891232851496167,1.43,0,0,8,0.7574898785425099,0
0.08891232851496167,0.0,1,0,19,0.7574898785425099,0
0.08891232851496167,64.665,0,0,1,0.7574898785425099,0
0.0,0.177,1,0,13,0.7574898785425099,0
0.0,0.509,0,0,12,0.7574898785425099,0
0.0,0.616,0,0,11,0.7574898785425099,0
0.0,0.0,1,0,18,0.7574898785425099,0
0.0,0.159,1,0,14,0.7574898785425099,0
0.0,0.134,1,0,15,0.7574898785425099,0
0.0,1.63,0,0,7,0.7574898785425099,0
0.0,2.492,0,0,6,0.7574898785425099,0
0.0,0.11599999999999999,1,0,16,0.7574898785425099,0
0.0,0.011000000000000001,1,0,17,0.7574898785425099,0
0.0,49.958,0,0,3,0.7574898785425099,0
0.0,59.098,0,0,2,0.7574898785425099,0
rank_index,time,class,failures,ranking,nfpa,DDP
0.280400799338563,0.5710000000000001,0,0,10,0.6418000604047117,0
0.08891232851496167,76.649,0,0,1,0.6418000604047117,0
0.08891232851496167,0.025,1,0,19,0.6418000604047117,0
0.08891232851496167,6.075,0,0,4,0.6418000604047117,0
0.08891232851496167,5.237,0,0,5,0.6418000604047117,0
0.08891232851496167,1.28,0,0,8,0.6418000604047117,0
0.08891232851496167,0.718,0,0,9,0.6418000604047117,0
0.0,38.889,0,0,2,0.6418000604047117,0
0.0,12.69,0,0,3,0.6418000604047117,0
0.0,2.19,0,0,6,0.6418000604047117,0
0.0,1.821,0,0,7,0.6418000604047117,0
0.0,0.002,1,0,21,0.6418000604047117,0
0.0,0.013000000000000001,1,0,20,0.6418000604047117,0
0.0,0.43700000000000006,0,0,12,0.6418000604047117,0
0.0,0.149,1,0,13,0.6418000604047117,0
0.0,0.149,1,0,14,0.6418000604047117,0
0.0,0.131,1,0,15,0.6418000604047117,0
0.0,0.11900000000000001,1,0,16,0.6418000604047117,0
0.0,0.111,1,0,17,0.6418000604047117,0
0.0,0.040999999999999995,1,0,18,0.6418000604047117,0
0.0,0.55,0,0,11,0.6418000604047117,0
rank_index,time,class,failures,ranking,nfpa,DDP
0.280400799338563,0.569,0,0,12,0.7449275362318842,0
0.08891232851496167,0.72,0,0,11,0.7449275362318842,0
0.08891232851496167,6.136,0,0,4,0.7449275362318842,0
0.08891232851496167,5.235,0,0,5,0.7449275362318842,0
0.08891232851496167,1.266,0,0,9,0.7449275362318842,0
0.08891232851496167,76.811,0,0,1,0.7449275362318842,0
0.08891232851496167,0.026000000000000002,1,0,20,0.7449275362318842,0
0.0,0.124,1,0,16,0.7449275362318842,0
0.0,0.156,1,0,15,0.7449275362318842,0
0.0,0.359,1,0,14,0.7449275362318842,0
0.0,0.53,0,0,13,0.7449275362318842,0
0.0,0.124,1,0,17,0.7449275362318842,0
0.0,0.016,1,0,21,0.7449275362318842,0
0.0,0.754,0,0,10,0.7449275362318842,0
0.0,0.113,1,0,18,0.7449275362318842,0
0.0,1.656,0,0,8,0.7449275362318842,0
0.0,2.543,0,0,7,0.7449275362318842,0
0.0,5.225,0,0,6,0.7449275362318842,0
0.0,0.042,1,0,19,0.7449275362318842,0
0.0,12.617,0,0,3,0.7449275362318842,0
0.0,39.518,0,0,2,0.7449275362318842,0
0.0,0.012,1,0,22,0.7449275362318842,0
rank_index,time,class,failures,ranking,nfpa,DDP
0.280400799338563,0.72,0,0,11,0.7164690382081685,0
0.08891232851496167,0.718,0,0,12,0.7164690382081685,0
0.08891232851496167,5.4670000000000005,0,0,5,0.7164690382081685,0
0.08891232851496167,5.2,0,0,6,0.7164690382081685,0
0.08891232851496167,1.298,0,0,9,0.7164690382081685,0
0.08891232851496167,76.452,0,0,1,0.7164690382081685,0
0.08891232851496167,0.02,1,0,19,0.7164690382081685,0
0.07516340818935467,61.101000000000006,0,0,2,0.7164690382081685,0
0.0,0.128,1,0,16,0.7164690382081685,0
0.0,0.129,1,0,15,0.7164690382081685,0
0.0,0.14,1,0,14,0.7164690382081685,0
0.0,0.423,0,0,13,0.7164690382081685,0
0.0,0.11699999999999999,1,0,17,0.7164690382081685,0
0.0,0.002,1,0,21,0.7164690382081685,0
0.0,0.7509999999999999,0,0,10,0.7164690382081685,0
0.0,0.047,1,0,18,0.7164690382081685,0
0.0,1.756,0,0,8,0.7164690382081685,0
0.0,2.365,0,0,7,0.7164690382081685,0
0.0,0.012,1,0,20,0.7164690382081685,0
0.0,12.568,0,0,4,0.7164690382081685,0
0.0,36.317,0,0,3,0.7164690382081685,0
0.0,0.001,1,0,22,0.7164690382081685,0
rank_index,time,class,failures,ranking,nfpa,DDP
0.280400799338563,0.588,0,0,13,0.6469038208168644,0
0.08891232851496167,76.44800000000001,0,0,1,0.6469038208168644,0
0.08891232851496167,1.319,0,0,9,0.6469038208168644,0
0.08891232851496167,0.021,1,0,20,0.6469038208168644,0
0.08891232851496167,6.002999999999999,0,0,4,0.6469038208168644,0
0.08891232851496167,5.225,0,0,5,0.6469038208168644,0
0.08891232851496167,0.72,0,0,12,0.6469038208168644,0
0.0,39.321999999999996,0,0,2,0.6469038208168644,0
0.0,12.677999999999999,0,0,3,0.6469038208168644,0
0.0,5.1579999999999995,0,0,6,0.6469038208168644,0
0.0,2.329,0,0,7,0.6469038208168644,0
0.0,1.9480000000000002,0,0,8,0.6469038208168644,0
0.0,0.011000000000000001,1,0,22,0.6469038208168644,0
0.0,0.809,0,0,10,0.6469038208168644,0
0.0,0.015,1,0,21,0.6469038208168644,0
0.0,0.365,1,0,14,0.6469038208168644,0
0.0,0.147,1,0,15,0.6469038208168644,0
0.0,0.129,1,0,16,0.6469038208168644,0
0.0,0.129,1,0,17,0.6469038208168644,0
0.0,0.11599999999999999,1,0,18,0.6469038208168644,0
0.0,0.04,1,0,19,0.6469038208168644,0
0.0,0.7829999999999999,0,0,11,0.6469038208168644,0
rank_index,time,class,failures,ranking,nfpa,DDP
0.280400799338563,0.532,0,0,12,0.6376040703052729,0
0.08891232851496167,0.7190000000000001,0,0,10,0.6376040703052729,0
0.08891232851496167,5.457000000000001,0,0,5,0.6376040703052729,0
0.08891232851496167,5.228,0,0,6,0.6376040703052729,0
0.08891232851496167,1.298,0,0,9,0.6376040703052729,0
0.08891232851496167,76.457,0,0,1,0.6376040703052729,0
0.08891232851496167,0.024,1,0,19,0.6376040703052729,0
0.0,1.943,0,0,8,0.6376040703052729,0
0.0,61.927,0,0,2,0.6376040703052729,0
0.0,36.591,0,0,3,0.6376040703052729,0
0.0,12.790999999999999,0,0,4,0.6376040703052729,0
0.0,0.002,1,0,21,0.6376040703052729,0
0.0,0.012,1,0,20,0.6376040703052729,0
0.0,2.037,0,0,7,0.6376040703052729,0
0.0,0.10300000000000001,1,0,17,0.6376040703052729,0
0.0,0.115,1,0,16,0.6376040703052729,0
0.0,0.040999999999999995,1,0,18,0.6376040703052729,0
0.0,0.586,0,0,11,0.6376040703052729,0
0.0,0.001,1,0,22,0.6376040703052729,0
0.0,0.39799999999999996,0,0,13,0.6376040703052729,0
0.0,0.125,1,0,14,0.6376040703052729,0
0.0,0.11900000000000001,1,0,15,0.6376040703052729,0
0.0,0.0,1,0,23,0.6376040703052729,0
rank_index,time,class,failures,ranking,nfpa,DDP
0.280400799338563,0.609,0,0,11,0.7444005270092228,0
0.08891232851496167,0.718,0,0,10,0.7444005270092228,0
0.08891232851496167,5.475,0,0,5,0.7444005270092228,0
0.08891232851496167,5.25,0,0,6,0.7444005270092228,0
0.08891232851496167,1.2790000000000001,0,0,9,0.7444005270092228,0
0.08891232851496167,75.933,0,0,1,0.7444005270092228,0
0.08891232851496167,0.022000000000000002,1,0,19,0.7444005270092228,0
0.0,0.11800000000000001,1,0,16,0.7444005270092228,0
0.0,0.12,1,0,15,0.7444005270092228,0
0.0,0.138,1,0,14,0.7444005270092228,0
0.0,0.35600000000000004,1,0,13,0.7444005270092228,0
0.0,0.5660000000000001,0,0,12,0.7444005270092228,0
0.0,0.002,1,0,21,0.7444005270092228,0
0.0,0.11699999999999999,1,0,17,0.7444005270092228,0
0.0,0.040999999999999995,1,0,18,0.7444005270092228,0
0.0,2.035,0,0,8,0.7444005270092228,0
0.0,2.274,0,0,7,0.7444005270092228,0
0.0,0.012,1,0,20,0.7444005270092228,0
0.0,12.482999999999999,0,0,4,0.7444005270092228,0
0.0,36.288000000000004,0,0,3,0.7444005270092228,0
0.0,61.48,0,0,2,0.7444005270092228,0
0.0,0.0,1,0,22,0.7444005270092228,0
rank_index,time,class,failures,ranking,nfpa,DDP
0.280400799338563,0.631,0,0,12,0.6408432147562584,0
0.08891232851496167,76.385,0,0,1,0.6408432147562584,0
0.08891232851496167,0.725,0,0,10,0.6408432147562584,0
0.08891232851496167,0.018000000000000002,1,0,19,0.6408432147562584,0
0.08891232851496167,5.479,0,0,5,0.6408432147562584,0
0.08891232851496167,5.239,0,0,6,0.6408432147562584,0
0.08891232851496167,1.2690000000000001,0,0,9,0.6408432147562584,0
0.0,61.412,0,0,2,0.6408432147562584,0
0.0,36.295,0,0,3,0.6408432147562584,0
0.0,12.343,0,0,4,0.6408432147562584,0
0.0,2.134,0,0,7,0.6408432147562584,0
0.0,1.9709999999999999,0,0,8,0.6408432147562584,0
0.0,0.0,1,0,22,0.6408432147562584,0
0.0,0.001,1,0,21,0.6408432147562584,0
0.0,0.40700000000000003,0,0,13,0.6408432147562584,0
0.0,0.14,1,0,14,0.6408432147562584,0
0.0,0.13,1,0,15,0.6408432147562584,0
0.0,0.125,1,0,16,0.6408432147562584,0
0.0,0.124,1,0,17,0.6408432147562584,0
0.0,0.04,1,0,18,0.6408432147562584,0
0.0,0.006999999999999999,1,0,20,0.6408432147562584,0
0.0,0.67,0,0,11,0.6408432147562584,0
rank_index,time,class,failures,ranking,nfpa,DDP
0.280400799338563,0.6779999999999999,0,0,10,0.7396761133603237,0
0.08891232851496167,0.023,1,0,18,0.7396761133603237,0
0.08891232851496167,6.1579999999999995,0,0,4,0.7396761133603237,0
0.08891232851496167,5.148,0,0,5,0.7396761133603237,0
0.08891232851496167,1.401,0,0,8,0.7396761133603237,0
0.08891232851496167,0.7190000000000001,0,0,9,0.7396761133603237,0
0.08891232851496167,76.501,0,0,1,0.7396761133603237,0
0.0,0.424,0,0,12,0.7396761133603237,0
0.0,0.609,0,0,11,0.7396761133603237,0
0.0,0.133,1,0,13,0.7396761133603237,0
0.0,0.11900000000000001,1,0,14,0.7396761133603237,0
0.0,0.11800000000000001,1,0,15,0.7396761133603237,0
0.0,2.048,0,0,7,0.7396761133603237,0
0.0,2.333,0,0,6,0.7396761133603237,0
0.0,0.11800000000000001,1,0,16,0.7396761133603237,0
0.0,0.04,1,0,17,0.7396761133603237,0
0.0,12.950999999999999,0,0,3,0.7396761133603237,0
0.0,39.236,0,0,2,0.7396761133603237,0
0.0,0.013000000000000001,1,0,19,0.7396761133603237,0
rank_index,time,class,failures,ranking,nfpa,DDP
0.280400799338563,0.5539999999999999,0,0,11,0.6425101214574898,0
0.08891232851496167,76.628,0,0,1,0.6425101214574898,0
0.08891232851496167,1.306,0,0,8,0.6425101214574898,0
0.08891232851496167,6.106,0,0,4,0.6425101214574898,0
0.08891232851496167,5.229,0,0,5,0.6425101214574898,0
0.08891232851496167,0.021,1,0,18,0.6425101214574898,0
0.08891232851496167,0.7170000000000001,0,0,9,0.6425101214574898,0
0.0,39.187,0,0,2,0.6425101214574898,0
0.0,12.927999999999999,0,0,3,0.6425101214574898,0
0.0,2.148,0,0,6,0.6425101214574898,0
0.0,1.9480000000000002,0,0,7,0.6425101214574898,0
0.0,0.013000000000000001,1,0,19,0.6425101214574898,0
0.0,0.442,0,0,12,0.6425101214574898,0
0.0,0.135,1,0,13,0.6425101214574898,0
0.0,0.129,1,0,14,0.6425101214574898,0
0.0,0.122,1,0,15,0.6425101214574898,0
0.0,0.115,1,0,16,0.6425101214574898,0
0.0,0.038,1,0,17,0.6425101214574898,0
0.0,0.638,0,0,10,0.6425101214574898,0
rank_index,time,class,failures,ranking,nfpa,DDP
0.280400799338563,0.6559999999999999,0,0,10,0.7396761133603237,0
0.08891232851496167,0.021,1,0,18,0.7396761133603237,0
0.08891232851496167,6.051,0,0,4,0.7396761133603237,0
0.08891232851496167,5.226,0,0,5,0.7396761133603237,0
0.08891232851496167,1.28,0,0,8,0.7396761133603237,0
0.08891232851496167,0.718,0,0,9,0.7396761133603237,0
0.08891232851496167,76.531,0,0,1,0.7396761133603237,0
0.0,0.37,1,0,12,0.7396761133603237,0
0.0,0.478,0,0,11,0.7396761133603237,0
0.0,0.14300000000000002,1,0,13,0.7396761133603237,0
0.0,0.131,1,0,14,0.7396761133603237,0
0.0,0.122,1,0,15,0.7396761133603237,0
0.0,1.995,0,0,7,0.7396761133603237,0
0.0,2.206,0,0,6,0.7396761133603237,0
0.0,0.11699999999999999,1,0,16,0.7396761133603237,0
0.0,0.040999999999999995,1,0,17,0.7396761133603237,0
0.0,12.847999999999999,0,0,3,0.7396761133603237,0
0.0,38.913000000000004,0,0,2,0.7396761133603237,0
0.0,0.012,1,0,19,0.7396761133603237,0
rank_index,time,class,failures,ranking,nfpa,DDP
0.280400799338563,0.6829999999999999,0,0,10,0.7396761133603237,0
0.08891232851496167,0.022000000000000002,1,0,18,0.7396761133603237,0
0.08891232851496167,6.071000000000001,0,0,4,0.7396761133603237,0
0.08891232851496167,5.1370000000000005,0,0,5,0.7396761133603237,0
0.08891232851496167,1.3030000000000002,0,0,8,0.7396761133603237,0
0.08891232851496167,0.723,0,0,9,0.7396761133603237,0
0.08891232851496167,76.714,0,0,1,0.7396761133603237,0
0.0,0.445,0,0,12,0.7396761133603237,0
0.0,0.544,0,0,11,0.7396761133603237,0
0.0,0.161,1,0,13,0.7396761133603237,0
0.0,0.145,1,0,14,0.7396761133603237,0
0.0,0.132,1,0,15,0.7396761133603237,0
0.0,1.9869999999999999,0,0,7,0.7396761133603237,0
0.0,2.306,0,0,6,0.7396761133603237,0
0.0,0.122,1,0,16,0.7396761133603237,0
0.0,0.042,1,0,17,0.7396761133603237,0
0.0,12.689,0,0,3,0.7396761133603237,0
0.0,39.367,0,0,2,0.7396761133603237,0
0.0,0.013999999999999999,1,0,19,0.7396761133603237,0
rank_index,time,class,failures,ranking,nfpa,DDP
0.280400799338563,0.55,0,0,12,0.6336454243430988,0
0.08891232851496167,77.861,0,0,1,0.6336454243430988,0
0.08891232851496167,1.354,0,0,9,0.6336454243430988,0
0.08891232851496167,6.24,0,0,4,0.6336454243430988,0
0.08891232851496167,5.2139999999999995,0,0,5,0.6336454243430988,0
0.08891232851496167,0.027000000000000003,1,0,20,0.6336454243430988,0
0.08891232851496167,0.718,0,0,10,0.6336454243430988,0
0.0,48.641999999999996,0,0,2,0.6336454243430988,0
0.0,13.924000000000001,0,0,3,0.6336454243430988,0
0.0,2.166,0,0,6,0.6336454243430988,0
0.0,1.9369999999999998,0,0,7,0.6336454243430988,0
0.0,1.9340000000000002,0,0,8,0.6336454243430988,0
0.0,0.006,1,0,21,0.6336454243430988,0
0.0,0.389,1,0,13,0.6336454243430988,0
0.0,0.147,1,0,14,0.6336454243430988,0
0.0,0.127,1,0,15,0.6336454243430988,0
0.0,0.122,1,0,16,0.6336454243430988,0
0.0,0.121,1,0,17,0.6336454243430988,0
0.0,0.11699999999999999,1,0,18,0.6336454243430988,0
0.0,0.039,1,0,19,0.6336454243430988,0
0.0,0.655,0,0,11,0.6336454243430988,0
rank_index,time,class,failures,ranking,nfpa,DDP
0.280400799338563,0.684,0,0,12,0.659387755102041,0
0.08891232851496167,0.718,0,0,11,0.659387755102041,0
0.08891232851496167,5.482,0,0,5,0.659387755102041,0
0.08891232851496167,5.231,0,0,6,0.659387755102041,0
0.08891232851496167,1.354,0,0,10,0.659387755102041,0
0.08891232851496167,76.94800000000001,0,0,1,0.659387755102041,0
0.08891232851496167,0.021,1,0,21,0.659387755102041,0
0.0,0.138,1,0,18,0.659387755102041,0
0.0,0.141,1,0,17,0.659387755102041,0
0.0,61.678999999999995,0,0,2,0.659387755102041,0
0.0,36.064,0,0,3,0.659387755102041,0
0.0,12.289000000000001,0,0,4,0.659387755102041,0
0.0,0.005,1,0,22,0.659387755102041,0
0.0,2.955,0,0,7,0.659387755102041,0
0.0,2.17,0,0,8,0.659387755102041,0
0.0,1.9669999999999999,0,0,9,0.659387755102041,0
0.0,0.043,1,0,20,0.659387755102041,0
0.0,0.10300000000000001,1,0,19,0.659387755102041,0
0.0,0.002,1,0,23,0.659387755102041,0
0.0,0.5539999999999999,0,0,13,0.659387755102041,0
0.0,0.431,0,0,14,0.659387755102041,0
0.0,0.158,1,0,15,0.659387755102041,0
0.0,0.155,1,0,16,0.659387755102041,0
0.0,0.0,1,0,24,0.659387755102041,0
rank_index,time,class,failures,ranking,nfpa,DDP
0.280400799338563,0.63,0,0,11,0.7351916376306622,0
0.08891232851496167,0.72,0,0,10,0.7351916376306622,0
0.08891232851496167,6.091,0,0,4,0.7351916376306622,0
0.08891232851496167,5.2410000000000005,0,0,5,0.7351916376306622,0
0.08891232851496167,1.307,0,0,9,0.7351916376306622,0
0.08891232851496167,0.023,1,0,19,0.7351916376306622,0
0.08891232851496167,76.641,0,0,1,0.7351916376306622,0
0.0,0.384,1,0,13,0.7351916376306622,0
0.0,0.506,0,0,12,0.7351916376306622,0
0.0,0.14300000000000002,1,0,14,0.7351916376306622,0
0.0,0.14,1,0,15,0.7351916376306622,0
0.0,0.13699999999999998,1,0,16,0.7351916376306622,0
0.0,1.9580000000000002,0,0,8,0.7351916376306622,0
0.0,2.134,0,0,7,0.7351916376306622,0
0.0,4.397,0,0,6,0.7351916376306622,0
0.0,0.109,1,0,17,0.7351916376306622,0
0.0,0.038,1,0,18,0.7351916376306622,0
0.0,12.757,0,0,3,0.7351916376306622,0
0.0,39.650999999999996,0,0,2,0.7351916376306622,0
0.0,0.006,1,0,20,0.7351916376306622,0
rank_index,time,class,failures,ranking,nfpa,DDP
0.280400799338563,0.615,0,0,11,0.782146160962072,0
0.08891232851496167,0.0,1,0,23,0.782146160962072,0
0.08891232851496167,6.1770000000000005,0,0,4,0.782146160962072,0
0.08891232851496167,5.237,0,0,5,0.782146160962072,0
0.08891232851496167,1.28,0,0,9,0.782146160962072,0
0.08891232851496167,0.7170000000000001,0,0,10,0.782146160962072,0
0.08891232851496167,81.965,0,0,1,0.782146160962072,0
0.08891232851496167,0.024,1,0,20,0.782146160962072,0
0.0,0.131,1,0,16,0.782146160962072,0
0.0,0.132,1,0,15,0.782146160962072,0
0.0,0.136,1,0,14,0.782146160962072,0
0.0,0.305,1,0,13,0.782146160962072,0
0.0,0.001,1,0,22,0.782146160962072,0
0.0,0.11800000000000001,1,0,17,0.782146160962072,0
0.0,0.11699999999999999,1,0,18,0.782146160962072,0
0.0,0.04,1,0,19,0.782146160962072,0
0.0,1.949,0,0,8,0.782146160962072,0
0.0,2.322,0,0,7,0.782146160962072,0
0.0,4.388999999999999,0,0,6,0.782146160962072,0
0.0,0.006,1,0,21,0.782146160962072,0
0.0,12.356,0,0,3,0.782146160962072,0
0.0,42.76,0,0,2,0.782146160962072,0
0.0,0.524,0,0,12,0.782146160962072,0
rank_index,time,class,failures,ranking,nfpa,DDP
0.280400799338563,0.6509999999999999,0,0,12,0.6637372802960222,0
0.08891232851496167,0.718,0,0,11,0.6637372802960222,0
0.08891232851496167,6.237,0,0,5,0.6637372802960222,0
0.08891232851496167,5.476,0,0,6,0.6637372802960222,0
0.08891232851496167,2.224,0,0,8,0.6637372802960222,0
0.08891232851496167,76.766,0,0,1,0.6637372802960222,0
0.08891232851496167,0.02,1,0,20,0.6637372802960222,0
0.0,0.128,1,0,17,0.6637372802960222,0
0.0,0.04,1,0,19,0.6637372802960222,0
0.0,60.751999999999995,0,0,2,0.6637372802960222,0
0.0,36.11,0,0,3,0.6637372802960222,0
0.0,12.302999999999999,0,0,4,0.6637372802960222,0
0.0,0.005,1,0,21,0.6637372802960222,0
0.0,4.265,0,0,7,0.6637372802960222,0
0.0,2.07,0,0,9,0.6637372802960222,0
0.0,0.129,1,0,16,0.6637372802960222,0
0.0,1.954,0,0,10,0.6637372802960222,0
0.0,0.11599999999999999,1,0,18,0.6637372802960222,0
0.0,0.001,1,0,22,0.6637372802960222,0
0.0,0.528,0,0,13,0.6637372802960222,0
0.0,0.36200000000000004,1,0,14,0.6637372802960222,0
0.0,0.142,1,0,15,0.6637372802960222,0
0.0,0.0,1,0,23,0.6637372802960222,0
rank_index,time,class,failures,ranking,nfpa,DDP
0.280400799338563,0.545,0,0,11,0.7351916376306622,0
0.08891232851496167,0.718,0,0,10,0.7351916376306622,0
0.08891232851496167,6.157,0,0,4,0.7351916376306622,0
0.08891232851496167,5.231,0,0,5,0.7351916376306622,0
0.08891232851496167,1.311,0,0,9,0.7351916376306622,0
0.08891232851496167,0.022000000000000002,1,0,19,0.7351916376306622,0
0.08891232851496167,76.24,0,0,1,0.7351916376306622,0
0.0,0.377,1,0,13,0.7351916376306622,0
0.0,0.522,0,0,12,0.7351916376306622,0
0.0,0.122,1,0,14,0.7351916376306622,0
0.0,0.115,1,0,15,0.7351916376306622,0
0.0,0.11199999999999999,1,0,16,0.7351916376306622,0
0.0,1.955,0,0,8,0.7351916376306622,0
0.0,2.202,0,0,7,0.7351916376306622,0
0.0,4.331,0,0,6,0.7351916376306622,0
0.0,0.106,1,0,17,0.7351916376306622,0
0.0,0.04,1,0,18,0.7351916376306622,0
0.0,12.703,0,0,3,0.7351916376306622,0
0.0,39.311,0,0,2,0.7351916376306622,0
0.0,0.006,1,0,20,0.7351916376306622,0
rank_index,time,class,failures,ranking,nfpa,DDP
0.280400799338563,0.5920000000000001,0,0,11,0.7351916376306622,0
0.08891232851496167,0.72,0,0,10,0.7351916376306622,0
0.08891232851496167,5.98,0,0,4,0.7351916376306622,0
0.08891232851496167,5.247000000000001,0,0,5,0.7351916376306622,0
0.08891232851496167,1.264,0,0,9,0.7351916376306622,0
0.08891232851496167,0.022000000000000002,1,0,19,0.7351916376306622,0
0.08891232851496167,76.609,0,0,1,0.7351916376306622,0
0.0,0.4,0,0,13,0.7351916376306622,0
0.0,0.5710000000000001,0,0,12,0.7351916376306622,0
0.0,0.14300000000000002,1,0,14,0.7351916376306622,0
0.0,0.129,1,0,15,0.7351916376306622,0
0.0,0.11900000000000001,1,0,16,0.7351916376306622,0
0.0,1.966,0,0,8,0.7351916376306622,0
0.0,2.181,0,0,7,0.7351916376306622,0
0.0,4.26,0,0,6,0.7351916376306622,0
0.0,0.111,1,0,17,0.7351916376306622,0
0.0,0.04,1,0,18,0.7351916376306622,0
0.0,12.757,0,0,3,0.7351916376306622,0
0.0,39.268,0,0,2,0.7351916376306622,0
0.0,0.006,1,0,20,0.7351916376306622,0
rank_index,time,class,failures,ranking,nfpa,DDP
0.280400799338563,0.708,0,0,12,0.6489361702127658,0
0.08891232851496167,0.718,0,0,11,0.6489361702127658,0
0.08891232851496167,5.484,0,0,5,0.6489361702127658,0
0.08891232851496167,5.231,0,0,6,0.6489361702127658,0
0.08891232851496167,1.263,0,0,10,0.6489361702127658,0
0.08891232851496167,76.429,0,0,1,0.6489361702127658,0
0.08891232851496167,0.026000000000000002,1,0,20,0.6489361702127658,0
0.0,0.124,1,0,17,0.6489361702127658,0
0.0,2.208,0,0,8,0.6489361702127658,0
0.0,61.948,0,0,2,0.6489361702127658,0
0.0,36.222,0,0,3,0.6489361702127658,0
0.0,12.187000000000001,0,0,4,0.6489361702127658,0
0.0,0.006,1,0,21,0.6489361702127658,0
0.0,4.444,0,0,7,0.6489361702127658,0
0.0,1.942,0,0,9,0.6489361702127658,0
0.0,0.127,1,0,16,0.6489361702127658,0
0.0,0.043,1,0,19,0.6489361702127658,0
0.0,0.11800000000000001,1,0,18,0.6489361702127658,0
0.0,0.002,1,0,22,0.6489361702127658,0
0.0,0.625,0,0,13,0.6489361702127658,0
0.0,0.387,1,0,14,0.6489361702127658,0
0.0,0.14300000000000002,1,0,15,0.6489361702127658,0
0.0,0.0,1,0,23,0.6489361702127658,0
rank_index,time,class,failures,ranking,nfpa,DDP
0.280400799338563,0.619,0,0,12,0.6489361702127658,0
0.08891232851496167,0.72,0,0,11,0.6489361702127658,0
0.08891232851496167,5.474,0,0,5,0.6489361702127658,0
0.08891232851496167,5.23,0,0,6,0.6489361702127658,0
0.08891232851496167,1.314,0,0,10,0.6489361702127658,0
0.08891232851496167,76.252,0,0,1,0.6489361702127658,0
0.08891232851496167,0.025,1,0,20,0.6489361702127658,0
0.0,0.121,1,0,17,0.6489361702127658,0
0.0,2.25,0,0,8,0.6489361702127658,0
0.0,62.163999999999994,0,0,2,0.6489361702127658,0
0.0,35.766,0,0,3,0.6489361702127658,0
0.0,11.8,0,0,4,0.6489361702127658,0
0.0,0.006,1,0,21,0.6489361702127658,0
0.0,4.196000000000001,0,0,7,0.6489361702127658,0
0.0,1.9769999999999999,0,0,9,0.6489361702127658,0
0.0,0.126,1,0,16,0.6489361702127658,0
0.0,0.04,1,0,19,0.6489361702127658,0
0.0,0.11699999999999999,1,0,18,0.6489361702127658,0
0.0,0.0,1,0,22,0.6489361702127658,0
0.0,0.519,0,0,13,0.6489361702127658,0
0.0,0.336,1,0,14,0.6489361702127658,0
0.0,0.14300000000000002,1,0,15,0.6489361702127658,0
0.0,0.0,1,0,23,0.6489361702127658,0
rank_index,time,class,failures,ranking,nfpa,DDP
0.280400799338563,0.7040000000000001,0,0,12,0.7336152219873151,0
0.08891232851496167,0.728,0,0,11,0.7336152219873151,0
0.08891232851496167,6.157,0,0,4,0.7336152219873151,0
0.08891232851496167,5.265,0,0,5,0.7336152219873151,0
0.08891232851496167,1.84,0,0,9,0.7336152219873151,0
0.08891232851496167,1.3130000000000002,0,0,10,0.7336152219873151,0
0.08891232851496167,0.023,1,0,20,0.7336152219873151,0
0.08891232851496167,77.536,0,0,1,0.7336152219873151,0
0.0,0.5770000000000001,0,0,13,0.7336152219873151,0
0.0,0.43799999999999994,0,0,14,0.7336152219873151,0
0.0,0.177,1,0,15,0.7336152219873151,0
0.0,0.16,1,0,16,0.7336152219873151,0
0.0,0.153,1,0,17,0.7336152219873151,0
0.0,2.04,0,0,8,0.7336152219873151,0
0.0,2.059,0,0,7,0.7336152219873151,0
0.0,4.382,0,0,6,0.7336152219873151,0
0.0,0.146,1,0,18,0.7336152219873151,0
0.0,0.053,1,0,19,0.7336152219873151,0
0.0,12.799000000000001,0,0,3,0.7336152219873151,0
0.0,39.498000000000005,0,0,2,0.7336152219873151,0
0.0,0.008,1,0,21,0.7336152219873151,0
rank_index,time,class,failures,ranking,nfpa,DDP
0.280400799338563,0.6559999999999999,0,0,11,0.7351916376306622,0
0.08891232851496167,0.718,0,0,10,0.7351916376306622,0
0.08891232851496167,6.202000000000001,0,0,4,0.7351916376306622,0
0.08891232851496167,5.251,0,0,5,0.7351916376306622,0
0.08891232851496167,1.328,0,0,9,0.7351916376306622,0
0.08891232851496167,0.025,1,0,19,0.7351916376306622,0
0.08891232851496167,77.286,0,0,1,0.7351916376306622,0
0.0,0.406,0,0,13,0.7351916376306622,0
0.0,0.527,0,0,12,0.7351916376306622,0
0.0,0.157,1,0,14,0.7351916376306622,0
0.0,0.134,1,0,15,0.7351916376306622,0
0.0,0.129,1,0,16,0.7351916376306622,0
0.0,1.963,0,0,8,0.7351916376306622,0
0.0,2.423,0,0,7,0.7351916376306622,0
0.0,4.361000000000001,0,0,6,0.7351916376306622,0
0.0,0.11900000000000001,1,0,17,0.7351916376306622,0
0.0,0.048,1,0,18,0.7351916376306622,0
0.0,12.44,0,0,3,0.7351916376306622,0
0.0,39.846,0,0,2,0.7351916376306622,0
0.0,0.006,1,0,20,0.7351916376306622,0
rank_index,time,class,failures,ranking,nfpa,DDP
0.280400799338563,0.61,0,0,13,0.6553846153846155,0
0.08891232851496167,0.7190000000000001,0,0,12,0.6553846153846155,0
0.08891232851496167,5.492999999999999,0,0,5,0.6553846153846155,0
0.08891232851496167,5.233,0,0,6,0.6553846153846155,0
0.08891232851496167,1.811,0,0,10,0.6553846153846155,0
0.08891232851496167,1.28,0,0,11,0.6553846153846155,0
0.08891232851496167,76.488,0,0,1,0.6553846153846155,0
0.08891232851496167,0.024,1,0,22,0.6553846153846155,0
0.0,0.146,1,0,18,0.6553846153846155,0
0.0,0.155,1,0,17,0.6553846153846155,0
0.0,62.122,0,0,2,0.6553846153846155,0
0.0,36.783,0,0,3,0.6553846153846155,0
0.0,12.321,0,0,4,0.6553846153846155,0
0.0,0.005,1,0,23,0.6553846153846155,0
0.0,4.362,0,0,7,0.6553846153846155,0
0.0,2.4130000000000003,0,0,8,0.6553846153846155,0
0.0,1.98,0,0,9,0.6553846153846155,0
0.0,0.049,1,0,21,0.6553846153846155,0
0.0,0.115,1,0,20,0.6553846153846155,0
0.0,0.131,1,0,19,0.6553846153846155,0
0.0,0.001,1,0,24,0.6553846153846155,0
0.0,0.56,0,0,14,0.6553846153846155,0
0.0,0.366,1,0,15,0.6553846153846155,0
0.0,0.16399999999999998,1,0,16,0.6553846153846155,0
0.0,0.0,1,0,25,0.6553846153846155,0
rank_index,time,class,failures,ranking,nfpa,DDP
0.280400799338563,0.748,0,0,12,0.6473469387755103,0
0.08891232851496167,0.725,0,0,13,0.6473469387755103,0
0.08891232851496167,5.482,0,0,5,0.6473469387755103,0
0.08891232851496167,5.257999999999999,0,0,6,0.6473469387755103,0
0.08891232851496167,1.8130000000000002,0,0,10,0.6473469387755103,0
0.08891232851496167,1.413,0,0,11,0.6473469387755103,0
0.08891232851496167,76.682,0,0,1,0.6473469387755103,0
0.08891232851496167,0.027000000000000003,1,0,21,0.6473469387755103,0
0.0,0.149,1,0,17,0.6473469387755103,0
0.0,2.202,0,0,8,0.6473469387755103,0
0.0,63.67100000000001,0,0,2,0.6473469387755103,0
0.0,36.957,0,0,3,0.6473469387755103,0
0.0,12.744000000000002,0,0,4,0.6473469387755103,0
0.0,0.006999999999999999,1,0,22,0.6473469387755103,0
0.0,4.4719999999999995,0,0,7,0.6473469387755103,0
0.0,2.146,0,0,9,0.6473469387755103,0
0.0,0.159,1,0,16,0.6473469387755103,0
0.0,0.055999999999999994,1,0,20,0.6473469387755103,0
0.0,0.121,1,0,19,0.6473469387755103,0
0.0,0.002,1,0,23,0.6473469387755103,0
0.0,0.136,1,0,18,0.6473469387755103,0
0.0,0.56,0,0,14,0.6473469387755103,0
0.0,0.419,0,0,15,0.6473469387755103,0
0.0,0.0,1,0,24,0.6473469387755103,0
